Jaccard;length_real;length_calc;user;length_dif
0.739;37276;13909;193;23367
0.915;11456;9727;203;1729
0.0;0;0;221;0
0.288;67678;40131;284;27547
0.0;0;0;310;0
0.042;71339;19062;465;52277
0.218;126904;51503;468;75401
0.326;103689;40547;475;63142
0.291;66815;35352;495;31463
0.604;63514;49157;636;14357
0.623;161983;145899;649;16084
0.243;563997;180197;650;383800
0.42;31114;18287;867;12827
0.0;0;0;871;0
0.665;179624;117253;945;62371
0.0;0;0;1044;0
1.0;12354;12353;1047;1
0.785;12343;10345;1051;1998
1.0;55870;55870;1059;0
0.611;67011;49001;1068;18010
0.0;0;0;1076;0
0.0;0;0;1110;0
0.306;117840;58961;1120;58879
0.0;0;0;1151;0
1.0;20854;20854;1167;0
0.0;0;0;1175;0
0.826;30245;21424;1199;8821
0.149;177428;51102;1202;126326
0.089;15494;6781;1283;8713
0.353;146827;108758;1459;38069
0.199;49265;17514;1500;31751
0.636;22599;20114;1538;2485
0.309;34659;23858;1551;10801
0.339;339869;196104;1575;143765
0.733;79252;61666;1606;17586
0.436;150390;118134;1607;32256
0.405;72155;50605;1619;21550
0.346;191283;119563;1651;71720
0.481;67666;48577;1735;19089
0.856;30155;28209;1816;1946
0.205;57402;21111;1849;36291
0.0;0;0;1895;0
0.0;0;0;1990;0
0.164;474771;186716;1996;288055
0.0;0;0;2024;0
0.898;7350;6177;2034;1173
0.547;34262;20699;2084;13563
0.37;204673;155341;2130;49332
0.172;437888;224200;2133;213688
0.0;0;0;2140;0
0.0;0;0;2228;0
0.0;0;0;2241;0
0.0;0;0;2245;0
0.983;4225;4242;2281;17
0.0;0;0;2282;0
0.292;71000;35528;2297;35472
0.455;62266;45610;2307;16656
0.0;0;0;2310;0
0.663;11640;9283;2351;2357
1.0;0;0;2354;0
0.147;27865;9561;2413;18304
1.0;2447;2447;2418;0
0.256;22855;8870;2419;13985
0.606;18655;11368;2420;7287
0.374;122821;78104;2431;44717
0.0;0;0;2463;0
0.174;3394;370;2466;3024
0.0;0;0;2486;0
0.0;0;0;2497;0
0.292;62532;38995;2534;23537
0.845;41313;21634;2565;19679
0.0;0;0;2569;0
0.0;0;0;2577;0
0.014;64946;18000;2648;46946
0.138;16446;5250;2889;11196
0.882;2395;2307;2905;88
0.0;0;0;3036;0
1.0;0;0;3038;0
0.584;60169;45294;3093;14875
0.0;0;0;3138;0
0.0;0;0;3289;0
0.0;0;0;3299;0
0.282;120290;82757;3332;37533
0.6;3996;2265;3500;1731
0.0;0;0;3549;0
0.751;124658;99371;3662;25287
0.239;293719;154128;3667;139591
0.0;0;0;3676;0
0.285;294576;141911;3687;152665
0.376;387675;185280;3688;202395
0.101;374422;145434;3689;228988
0.0;0;0;3690;0
0.0;0;0;3691;0
0.201;328402;134344;3692;194058
0.188;647935;187158;3694;460777
0.405;443567;245543;3695;198024
0.289;950264;322991;3696;627273
0.227;541114;215256;3697;325858
0.316;768833;312737;3700;456096
0.262;168378;75928;3702;92450
0.252;734517;279654;3703;454863
0.0;0;0;3704;0
0.235;30775;19563;3706;11212
0.111;84579;36745;3709;47834
0.278;512843;200523;3713;312320
0.281;200196;101784;3718;98412
0.199;90826;50038;3720;40788
0.0;0;0;3722;0
0.46;207304;144908;3734;62396
0.164;92161;36963;3736;55198
0.0;0;0;3738;0
0.186;580475;190900;3740;389575
0.234;144478;64478;3743;80000
0.159;253813;66651;3745;187162
0.195;463374;159919;3748;303455
0.055;442987;99099;3752;343888
0.465;251533;127560;3753;123973
0.0;0;0;3767;0
0.042;19189;8460;3779;10729
0.0;0;0;4046;0
0.027;35638;16427;4338;19211
0.49;5617;5536;4549;81
0.084;193970;79092;4768;114878
0.308;381148;191637;5032;189511
0.229;21104;10621;5124;10483
0.667;149901;98900;5125;51001
1.0;0;0;5214;0
0.269;54405;27210;5267;27195
0.477;440605;308119;5336;132486
0.22;116872;63177;5393;53695
0.0;0;0;5431;0
0.046;44888;18427;5442;26461
0.343;49585;33381;5469;16204
0.007;20904;7664;5769;13240
0.0;0;0;5848;0
0.321;121449;79127;5891;42322
0.386;266190;194468;5892;71722
0.316;362709;167583;5902;195126
0.0;0;0;5909;0
0.264;24924;20900;5920;4024
0.0;0;0;5988;0
0.026;6986;3420;6013;3566
0.052;74223;16254;6201;57969
0.0;0;0;6304;0
0.0;0;0;6324;0
0.0;0;0;6333;0
0.0;0;0;6679;0
0.737;10189;5836;6793;4353
0.24;42329;35235;6999;7094
0.052;53242;28556;7040;24686
0.105;141699;23700;7042;117999
0.372;714376;278270;7308;436106
0.0;0;0;7311;0
0.0;0;0;7312;0
0.0;0;0;7350;0
0.725;10586;9385;7359;1201
0.479;323797;197668;7364;126129
0.536;91941;80156;7370;11785
0.296;14505;8760;7371;5745
0.123;12449;9624;7381;2825
0.309;97337;32304;7385;65033
0.0;0;0;7428;0
0.186;225512;71454;7434;154058
0.369;99185;33075;7444;66110
0.0;0;0;7452;0
0.127;76143;15432;7488;60711
0.253;784941;370556;7490;414385
0.164;480402;172359;7491;308043
0.0;0;0;7492;0
0.125;108964;41650;7495;67314
0.336;41403;12097;7496;29306
0.426;67928;36684;7497;31244
0.22;349500;178185;7507;171315
0.168;58251;26739;7508;31512
0.49;68814;58150;7509;10664
0.193;1064205;459060;7510;605145
0.194;426270;124921;7513;301349
0.0;0;0;7518;0
0.0;0;0;7519;0
0.49;471001;237783;7524;233218
0.3;303579;172123;7527;131456
0.208;160946;64982;7530;95964
0.0;0;0;7533;0
0.0;0;0;7538;0
0.362;5846;4426;7543;1420
0.0;0;0;7546;0
0.163;219695;96462;7565;123233
0.0;0;0;7574;0
0.453;111033;53645;7578;57388
0.321;317773;182302;7585;135471
0.258;291073;140568;7587;150505
0.328;88475;54164;7588;34311
0.0;0;0;7589;0
0.249;777325;258669;7595;518656
1.0;9153;9153;7599;0
0.21;228059;95093;7648;132966
0.293;380649;130055;7695;250594
0.304;272424;150023;7701;122401
0.0;0;0;7752;0
0.354;307841;184100;7756;123741
0.417;358632;214227;7762;144405
0.202;533128;176829;7763;356299
0.401;90263;57264;7764;32999
0.0;0;0;7779;0
0.0;0;0;7782;0
0.205;222473;67230;7786;155243
0.253;490038;84291;7791;405747
0.197;290007;125195;7795;164812
0.749;41795;31716;7796;10079
0.156;568424;191092;7803;377332
0.311;780985;279013;7804;501972
0.346;706792;279735;7809;427057
0.0;0;0;7812;0
0.0;0;0;7813;0
0.195;639769;219716;7817;420053
0.0;0;0;7819;0
0.238;77872;46099;7944;31773
0.27;1065165;358150;7965;707015
0.106;4385;4360;7974;25
0.652;171808;87110;8098;84698
0.0;0;0;8136;0
0.0;0;0;8173;0
0.0;0;0;8213;0
0.161;112787;62271;8235;50516
0.258;711821;217429;8270;494392
0.0;0;0;8282;0
0.084;167615;34951;8284;132664
0.0;0;0;8288;0
0.546;81623;60153;8292;21470
0.175;135881;61169;8306;74712
0.0;0;0;8313;0
0.347;396064;177823;8358;218241
0.41;30657;27002;8409;3655
0.174;298772;124678;8450;174094
0.354;242515;140090;8452;102425
0.205;60165;41401;8463;18764
0.0;0;0;8535;0
0.0;0;0;8656;0
0.045;81273;18000;8712;63273
0.183;30977;21414;8750;9563
0.282;127182;73421;8792;53761
0.0;0;0;8934;0
0.0;0;0;8941;0
0.0;0;0;8946;0
0.283;33016;20700;9100;12316
0.804;16957;15172;9101;1785
0.131;29312;12445;9104;16867
0.286;486821;173385;9109;313436
1.0;3601;3601;9130;0
0.0;0;0;9171;0
0.327;19121;12593;9189;6528
0.223;357496;145670;9210;211826
0.219;18960;11215;9475;7745
1.0;11017;11017;9481;0
0.0;0;0;9487;0
0.0;0;0;9493;0
0.0;0;0;9544;0
0.659;26221;17721;9575;8500
0.26;111037;69067;9583;41970
0.194;95757;53060;9607;42697
0.194;19846;5984;9614;13862
0.833;412;443;9623;31
0.0;0;0;9628;0
0.21;93993;48557;9631;45436
0.0;0;0;9639;0
0.0;0;0;9691;0
0.699;14630;12046;9698;2584
0.592;214020;150269;9708;63751
0.117;86231;41239;9968;44992
0.073;11700;4314;10102;7386
0.145;70166;24931;10231;45235
0.0;0;0;10364;0
0.0;0;0;11696;0
0.163;43341;18975;11826;24366
0.0;0;0;11829;0
0.0;0;0;11832;0
0.309;224271;112063;11859;112208
0.056;54783;15859;11915;38924
0.319;388409;185923;11979;202486
0.098;80418;23982;11983;56436
0.314;101287;50890;12028;50397
0.032;5191;4829;12031;362
0.0;0;0;12066;0
0.277;367828;139315;12067;228513
1.0;11505;11505;12069;0
0.473;10239;6293;12109;3946
1.0;1429;1429;12111;0
0.607;243543;145413;12118;98130
0.435;45066;23760;12124;21306
0.978;3349;3334;12135;15
0.194;389174;155884;12140;233290
0.183;266442;116181;12150;150261
0.038;15006;6643;12164;8363
0.459;8028;7184;12188;844
0.158;56247;27499;12198;28748
0.07;29916;17470;12225;12446
0.128;144751;41598;12343;103153
0.77;32763;25264;12390;7499
0.271;539089;252743;12391;286346
0.963;1426;1432;12394;6
0.212;987776;480383;12398;507393
0.292;295944;171479;12401;124465
0.196;352178;132694;12402;219484
0.0;0;0;12411;0
0.0;0;0;12416;0
0.161;374063;107327;12495;266736
0.266;684485;287626;12498;396859
0.415;63022;47239;12499;15783
1.0;4313;4313;12567;0
0.0;0;0;12614;0
0.057;23022;14273;12682;8749
0.0;0;0;12800;0
0.0;0;0;12846;0
0.106;10722;8365;12850;2357
0.0;0;0;12856;0
0.306;209571;148164;12941;61407
0.463;78817;39281;12963;39536
0.07;297691;53190;12992;244501
0.462;40102;25875;13016;14227
0.0;0;0;13033;0
0.258;345393;175450;13132;169943
1.0;2738;2738;13181;0
0.289;159526;90625;13194;68901
0.0;0;0;13208;0
0.533;80395;41441;13222;38954
0.198;222577;131627;13245;90950
0.389;93589;81113;13258;12476
0.403;91065;72945;13299;18120
0.175;38812;24847;13316;13965
0.0;0;0;13327;0
0.541;31606;23753;13344;7853
0.0;0;0;13350;0
0.0;0;0;13355;0
0.405;17458;16262;13368;1196
0.238;542138;255656;13422;286482
0.455;82885;40337;13450;42548
0.326;68296;56433;13522;11863
0.0;0;0;13549;0
0.0;0;0;13613;0
0.0;0;0;13624;0
0.183;437358;151998;13639;285360
0.411;3910;2046;13650;1864
0.236;36281;21605;13657;14676
0.323;223731;136628;13709;87103
0.129;144640;71164;13714;73476
0.156;151941;57944;13716;93997
0.0;0;0;13732;0
0.0;0;0;13735;0
1.0;3117;3117;13736;0
0.0;0;0;13761;0
0.181;129199;72280;13764;56919
0.0;0;0;13776;0
0.441;44712;20520;13777;24192
0.256;111660;60493;13784;51167
0.39;14726;12565;13806;2161
0.0;0;0;13842;0
0.0;0;0;13901;0
1.0;0;0;13905;0
0.0;0;0;13922;0
0.22;171186;77041;13926;94145
0.245;61181;13679;13930;47502
0.154;73484;34115;13942;39369
0.278;366734;173779;13957;192955
1.0;12944;12944;13963;0
0.484;21383;12816;13977;8567
0.769;74003;53418;14025;20585
0.124;127890;53860;14029;74030
0.0;0;0;14033;0
0.696;8496;7707;14045;789
0.203;266269;104207;14063;162062
0.0;0;0;14072;0
0.0;0;0;14139;0
0.759;25047;8038;14213;17009
0.373;92122;56030;14228;36092
0.437;137439;101160;14238;36279
0.0;0;0;14247;0
0.0;0;0;14284;0
0.0;0;0;14422;0
0.364;12554;6616;14448;5938
1.0;2225;2225;14561;0
0.65;13904;9742;14562;4162
1.0;30471;30471;14567;0
0.0;0;0;14642;0
1.0;10528;10528;14652;0
0.359;121330;63165;14763;58165
0.872;15192;14300;14807;892
0.736;43159;21433;14808;21726
1.0;20250;20250;14825;0
0.469;131106;103492;14892;27614
0.69;51172;28511;14943;22661
0.0;0;0;14954;0
0.111;59035;19048;14965;39987
0.0;0;0;14988;0
0.0;0;0;15038;0
0.308;26767;17577;15069;9190
1.0;2295;2295;15104;0
0.599;54214;39079;15118;15135
0.0;0;0;15132;0
1.0;6152;6152;15230;0
0.0;0;0;15261;0
0.0;0;0;15282;0
0.0;0;0;15341;0
0.02;28352;150;15365;28202
0.0;0;0;15413;0
0.0;0;0;15423;0
0.0;0;0;15462;0
0.32;187323;119424;15495;67899
0.108;90450;31023;15513;59427
0.77;11912;11897;15554;15
0.0;0;0;15592;0
0.257;212813;130157;15606;82656
0.0;0;0;15651;0
0.0;0;0;32941;0
0.648;6963;5911;33090;1052
0.611;15055;14114;33091;941
0.655;8623;8401;33103;222
0.19;262383;78063;33108;184320
0.393;113593;58261;33111;55332
0.209;214241;84792;33116;129449
1.0;1666;1666;33117;0
0.136;58148;14669;33130;43479
0.336;152616;107701;33155;44915
0.923;63292;57817;33165;5475
0.0;0;0;33179;0
0.0;0;0;33189;0
0.413;180971;81795;33191;99176
0.178;17188;8513;33262;8675
0.324;18123;11217;33265;6906
0.354;134410;90663;33282;43747
0.33;190197;99917;33287;90280
0.395;187617;105003;33289;82614
0.126;375061;156961;33314;218100
0.0;0;0;33367;0
0.153;171542;63454;33383;108088
0.315;23865;14598;33390;9267
0.0;0;0;33392;0
0.327;155866;71990;33394;83876
0.0;0;0;33399;0
0.0;0;0;33452;0
0.132;17827;13890;33453;3937
0.933;3168;2917;33485;251
0.306;49479;40111;33508;9368
0.364;37354;25937;33530;11417
0.113;28020;15951;33567;12069
0.974;4798;4708;33616;90
0.195;13279;9037;33622;4242
0.0;0;0;33648;0
1.0;26592;17728;33662;8864
0.492;57558;39180;33666;18378
0.0;0;0;33670;0
0.0;0;0;33701;0
0.229;93881;30045;33749;63836
0.709;25642;20678;33767;4964
0.2;61227;33273;33789;27954
0.262;218134;92637;33808;125497
0.582;59900;45878;33843;14022
0.0;0;0;33845;0
0.424;56160;37890;33852;18270
0.0;0;0;33877;0
0.0;0;0;33922;0
0.0;0;0;33930;0
0.0;0;0;33935;0
1.0;1261;1261;33942;0
0.315;179139;110986;33960;68153
0.088;36331;14408;33965;21923
0.159;411529;151115;33974;260414
0.173;14053;10972;33997;3081
0.849;6579;5824;34033;755
0.0;0;0;34036;0
0.0;0;0;34046;0
0.202;14003;7839;34050;6164
0.851;14701;13109;34614;1592
0.083;61689;18316;34615;43373
0.0;0;0;34620;0
0.0;0;0;34624;0
0.0;0;0;34641;0
0.0;0;0;34646;0
0.077;243798;71405;34770;172393
0.0;0;0;34771;0
0.504;27890;21607;34853;6283
0.0;0;0;34859;0
0.485;142839;114201;34883;28638
0.0;0;0;34891;0
0.415;25407;20078;34919;5329
0.262;370725;203257;35013;167468
0.266;39032;30015;35025;9017
0.404;79776;46623;35027;33153
0.177;77656;56843;35087;20813
0.592;192518;153408;35093;39110
0.0;0;0;35171;0
0.468;374438;188710;35186;185728
0.118;225884;76603;35265;149281
0.0;0;0;35290;0
0.234;114876;62555;35296;52321
0.293;787367;344676;35301;442691
0.406;157665;67302;35303;90363
0.0;0;0;35332;0
0.198;147002;72686;35341;74316
0.397;175056;81850;35400;93206
0.509;18358;10856;35449;7502
0.226;518394;241526;35473;276868
0.0;0;0;35477;0
0.0;0;0;35528;0
0.0;0;0;35533;0
0.212;169693;74135;35535;95558
0.885;2308;1648;35547;660
0.062;116101;34933;35562;81168
0.412;147081;115247;35581;31834
0.212;187621;74017;35605;113604
0.244;65296;19837;35611;45459
0.105;66720;32849;35617;33871
0.274;65885;39980;35620;25905
0.249;644611;306972;35621;337639
0.408;38963;28869;35627;10094
0.0;0;0;35628;0
0.259;35580;15645;35658;19935
0.81;67389;34509;35660;32880
0.075;20399;8085;35664;12314
0.301;28933;21774;35948;7159
0.151;8039;377;35976;7662
0.544;54018;28647;35983;25371
0.0;0;0;36006;0
0.211;76141;34362;36152;41779
0.442;17740;10993;36203;6747
0.0;0;0;36239;0
0.0;0;0;36240;0
0.0;0;0;36264;0
0.328;223913;103587;36550;120326
0.33;30078;13985;36715;16093
1.0;4851;4231;36896;620
0.0;0;0;36897;0
0.245;94495;63901;36907;30594
0.0;0;0;36950;0
0.0;0;0;37006;0
0.377;127410;110549;37047;16861
0.06;36908;20230;37048;16678
0.054;5781;4295;37053;1486
0.182;252624;101240;37058;151384
0.565;113221;90264;37070;22957
0.135;263889;83773;37077;180116
0.0;0;0;37081;0
0.0;0;0;37089;0
0.076;147314;42318;37109;104996
0.29;1185859;556945;37122;628914
0.512;284447;136449;37131;147998
0.0;0;0;37168;0
0.347;123874;89684;37182;34190
0.344;57109;34938;37207;22171
0.0;0;0;37226;0
0.449;293956;142062;37241;151894
0.0;0;0;37250;0
0.134;207023;77047;37257;129976
0.0;0;0;37260;0
0.0;0;0;37261;0
0.0;0;0;37281;0
0.0;0;0;37290;0
0.941;20905;18945;37307;1960
0.0;0;0;37320;0
0.205;53659;26057;37331;27602
0.189;258045;97089;37351;160956
0.0;0;0;37357;0
0.069;4739;173;37362;4566
0.284;74864;43059;37364;31805
0.478;163919;66198;37369;97721
0.0;0;0;37377;0
0.0;0;0;37499;0
0.655;61260;30936;37594;30324
0.325;442920;171253;37610;271667
0.559;111351;86086;37612;25265
0.354;1327116;514549;37614;812567
0.0;0;0;37696;0
0.0;0;0;37707;0
0.394;33306;18993;37734;14313
0.364;224104;90311;37745;133793
0.154;404572;140376;37751;264196
0.0;0;0;37755;0
0.78;21410;17835;37776;3575
0.279;536141;300257;37809;235884
0.562;93190;53483;37816;39707
0.109;57104;20152;37846;36952
0.508;60357;40795;37848;19562
0.278;72941;52239;37896;20702
0.0;0;0;37912;0
0.0;0;0;37940;0
0.321;1836114;337606;37959;1498508
0.413;194287;137186;38062;57101
0.284;567089;226447;38115;340642
0.123;421621;150834;38131;270787
0.0;0;0;38169;0
0.0;0;0;38178;0
1.0;16592;16592;38202;0
0.377;409720;84598;38222;325122
0.178;106290;60680;38239;45610
0.582;60655;15984;38289;44671
0.141;108461;17561;38309;90900
0.877;15184;14426;38312;758
0.0;0;0;38322;0
0.16;47184;11353;38327;35831
0.435;139309;65049;38391;74260
0.0;0;0;38394;0
1.0;1768;1768;38518;0
0.081;217414;41232;38519;176182
0.0;0;0;38520;0
0.725;78870;61389;38545;17481
0.0;0;0;38551;0
1.0;6818;6818;38561;0
0.493;114542;68372;38571;46170
0.0;0;0;38578;0
0.0;0;0;38598;0
0.859;8652;7517;38617;1135
0.389;81023;55350;38632;25673
0.0;0;0;38645;0
0.166;138264;96906;38650;41358
0.113;155377;70168;38671;85209
0.76;5811;4761;38712;1050
0.31;365664;163609;38730;202055
0.0;0;0;38762;0
0.814;59105;22489;38849;36616
0.338;53564;34743;38854;18821
0.0;0;0;38869;0
0.322;112022;78131;38887;33891
0.438;59907;47297;38892;12610
0.0;0;0;38899;0
0.182;156420;62530;38916;93890
0.289;177188;97940;38920;79248
0.0;0;0;38924;0
0.582;73938;51723;38928;22215
0.0;0;0;38940;0
0.213;235424;80316;38941;155108
0.625;119955;92371;38942;27584
1.0;4310;4310;38958;0
0.407;301967;200481;39054;101486
0.033;73001;16743;39065;56258
0.312;258421;140618;39071;117803
0.218;190275;81275;39089;109000
0.0;0;0;39090;0
1.0;14133;14133;39130;0
0.63;99359;64609;39158;34750
0.0;0;0;39165;0
0.383;329764;156913;39168;172851
0.1;70612;22768;39189;47844
0.182;57559;41513;39207;16046
0.426;138114;52144;39214;85970
0.416;103800;51428;39224;52372
0.195;43360;19459;39269;23901
0.33;136152;73292;39289;62860
0.43;142209;122602;39321;19607
0.0;0;0;39341;0
0.267;146831;108465;39349;38366
0.205;70246;34248;39351;35998
0.0;0;0;39382;0
0.321;301254;191307;39403;109947
0.0;0;0;39423;0
0.41;39422;28786;39424;10636
0.303;26052;16321;39430;9731
0.0;0;0;39456;0
0.238;110091;78505;39460;31586
0.249;379159;99857;39503;279302
0.0;0;0;39510;0
0.351;447232;166084;39522;281148
0.332;326102;129648;39527;196454
0.375;6093;5465;39561;628
0.0;0;0;39564;0
0.413;31562;24689;39574;6873
0.057;417786;81213;39601;336573
1.0;0;0;39622;0
0.069;684866;159740;39629;525126
0.925;124553;98756;39637;25797
0.991;29685;16489;39648;13196
0.438;151024;93317;39692;57707
0.194;208355;89147;39707;119208
0.171;492643;148287;39729;344356
0.742;5571;2699;39733;2872
0.154;236918;62907;39737;174011
0.0;0;0;39739;0
0.211;341063;127595;39756;213468
0.0;0;0;39761;0
0.0;0;0;39769;0
0.191;19268;12324;39785;6944
0.495;96575;57051;39786;39524
0.228;427125;133520;39787;293605
0.501;306269;107275;39802;198994
0.247;411495;184506;39822;226989
0.32;24798;15726;39835;9072
1.0;3117;3117;39851;0
0.204;83396;25501;39880;57895
0.591;376656;265431;39881;111225
0.385;78867;51574;39961;27293
0.0;0;0;39969;0
0.0;0;0;40019;0
0.324;343925;192185;40025;151740
0.059;6846;2261;40027;4585
0.0;0;0;40031;0
0.16;580861;221077;40034;359784
0.23;156412;71557;40040;84855
0.198;26903;17637;40051;9266
0.052;92758;33460;40052;59298
0.449;89099;68423;40053;20676
0.688;239262;170300;40063;68962
0.52;122774;81143;40086;41631
0.0;0;0;40098;0
0.0;0;0;40101;0
0.665;167541;125701;40118;41840
0.0;0;0;40151;0
0.357;139827;34112;40167;105715
0.386;5036;3877;40170;1159
0.272;105440;44522;40194;60918
0.276;374507;203061;40211;171446
0.24;41596;19400;40212;22196
0.265;269589;91028;40262;178561
0.215;260203;74069;40270;186134
0.482;238519;196607;40273;41912
0.424;1354108;495963;40281;858145
0.107;76601;13531;40305;63070
1.0;0;0;40320;0
0.0;0;0;40334;0
0.0;0;0;40390;0
0.251;566999;227648;40393;339351
0.0;0;0;40432;0
0.0;0;0;40452;0
0.0;0;0;40480;0
0.113;61644;34667;40500;26977
0.254;32219;21388;40544;10831
0.233;74725;36611;40549;38114
0.306;35572;12876;40569;22696
0.54;55971;46791;40575;9180
0.169;95784;44763;40576;51021
0.0;0;0;40579;0
0.64;226930;148494;40586;78436
0.0;0;0;40589;0
1.0;40419;21768;40590;18651
0.361;39422;24393;40632;15029
0.0;0;0;40652;0
0.633;155568;59609;40671;95959
0.184;126149;43463;40675;82686
0.0;0;0;40678;0
0.0;0;0;40691;0
0.303;261265;101602;40694;159663
0.0;0;0;40700;0
0.228;553612;208851;40701;344761
0.381;221690;120157;40715;101533
1.0;6217;6217;40730;0
0.086;871441;225662;40747;645779
0.397;93625;58963;40772;34662
0.0;0;0;40795;0
1.0;9334;9334;40799;0
0.387;82522;39343;40800;43179
0.171;212968;68092;40840;144876
0.412;1018320;372260;40844;646060
0.461;76645;56446;40845;20199
0.0;0;0;40848;0
0.505;59826;40362;40852;19464
0.314;250680;110916;40866;139764
0.24;323951;191580;40869;132371
0.115;123211;34955;40872;88256
0.309;243696;134813;40879;108883
0.175;385876;160774;40897;225102
0.0;0;0;40898;0
0.442;74033;47295;40899;26738
0.506;421013;249401;40902;171612
0.805;7965;7725;40910;240
0.113;18166;11368;40914;6798
1.0;0;0;40944;0
0.381;31736;26087;40959;5649
0.594;152239;87309;40963;64930
0.0;0;0;40973;0
0.165;43689;20847;40981;22842
0.398;164176;99448;40984;64728
0.139;53353;21904;41005;31449
0.097;34838;16108;41009;18730
0.252;356718;111383;41025;245335
0.0;0;0;41028;0
0.233;466606;128686;41042;337920
0.221;240781;92139;41043;148642
0.135;81698;18323;41044;63375
0.154;207975;83128;41046;124847
0.0;0;0;41092;0
0.879;56064;38115;41109;17949
0.0;0;0;41114;0
1.0;1265;1265;41158;0
0.429;17568;8594;41189;8974
0.234;165550;111377;41191;54173
0.379;449831;210185;41245;239646
1.0;844;844;41250;0
0.0;0;0;41256;0
0.0;0;0;41275;0
0.146;120548;48193;41339;72355
0.157;376696;98982;41351;277714
0.3;47421;15389;41353;32032
0.57;135394;117192;41358;18202
0.136;10854;513;41375;10341
0.0;0;0;41426;0
0.0;0;0;41455;0
0.341;185374;68226;41475;117148
0.303;111646;41225;41502;70421
0.154;421961;94552;41514;327409
0.0;0;0;41521;0
0.0;0;0;41533;0
0.0;0;0;41550;0
0.298;210959;114668;41565;96291
0.479;5624;4702;41580;922
1.0;2291;2291;41588;0
0.59;378629;253082;41620;125547
0.29;942662;242899;41627;699763
0.386;214582;119709;41643;94873
0.421;130022;89127;41671;40895
0.0;0;0;41749;0
0.0;0;0;41782;0
0.833;8289;4522;41790;3767
1.0;0;0;41812;0
0.831;41066;26321;41826;14745
0.0;0;0;41828;0
0.337;210094;94261;41868;115833
0.39;110877;62997;41886;47880
0.475;133183;58765;41888;74418
0.209;308963;72041;41892;236922
0.0;0;0;41897;0
0.333;40452;26328;41964;14124
0.419;11648;10899;41972;749
0.565;17093;16682;41986;411
0.457;132349;34050;41993;98299
0.642;157685;45691;41997;111994
0.255;15052;13094;42012;1958
1.0;0;0;42032;0
0.604;99218;72673;42070;26545
0.281;968174;297635;42076;670539
0.378;317079;140660;42086;176419
0.522;24367;14093;42096;10274
0.434;64765;27327;42098;37438
1.0;27657;23366;42105;4291
0.282;666278;190950;42114;475328
0.114;228840;70151;42120;158689
0.032;940104;199008;42138;741096
0.499;196889;113042;42165;83847
0.0;0;0;42192;0
0.0;0;0;42195;0
0.491;66038;57312;42197;8726
0.0;0;0;42207;0
0.098;656077;152245;42229;503832
0.17;710023;152573;42231;557450
0.434;103250;48296;42297;54954
0.426;57269;16264;42311;41005
0.286;195122;151266;42317;43856
0.0;0;0;42353;0
0.616;11317;10187;42381;1130
0.848;14415;13027;42384;1388
0.1;3356;3798;42397;442
0.347;375868;153941;42420;221927
1.0;321;321;42430;0
0.175;561199;126923;42435;434276
0.248;208871;63498;42445;145373
0.0;0;0;42447;0
0.0;0;0;42477;0
0.154;18455;12441;42478;6014
0.376;445918;235620;42482;210298
1.0;4369;4369;42484;0
0.374;461378;181229;42492;280149
0.0;0;0;42497;0
0.16;425365;116312;42537;309053
0.0;0;0;42542;0
0.275;61881;20708;42545;41173
0.773;60649;7010;42548;53639
0.0;0;0;42577;0
0.17;194957;151847;42590;43110
0.171;61425;35894;42618;25531
0.535;173425;141128;42639;32297
0.287;376201;129420;42695;246781
0.391;195624;82455;42715;113169
0.186;282823;119055;42716;163768
0.329;373619;176384;42723;197235
0.679;63646;57743;42724;5903
0.0;0;0;42743;0
0.49;273800;137264;42744;136536
0.371;85650;42964;42748;42686
0.0;0;0;42754;0
0.235;409773;93254;42756;316519
0.264;227999;125784;42759;102215
0.194;39191;12494;42802;26697
0.457;402265;241114;42870;161151
0.407;574047;173568;42990;400479
0.0;0;0;42998;0
0.465;69775;56042;43001;13733
0.0;0;0;43028;0
0.0;0;0;43030;0
0.143;155333;41116;43063;114217
0.504;36687;28117;43104;8570
0.234;97367;39588;43113;57779
0.5;321999;233430;43127;88569
0.397;90410;59975;43141;30435
0.0;0;0;43265;0
0.469;188773;98578;43276;90195
0.0;0;0;43290;0
0.429;287017;187920;43339;99097
0.154;199507;102493;43344;97014
0.45;742168;312751;43348;429417
0.559;71358;33168;43350;38190
0.463;7577;5391;43396;2186
0.251;188487;100081;43413;88406
0.983;33383;30305;43431;3078
0.385;52332;36815;43448;15517
0.0;0;0;43468;0
0.164;76122;42926;43512;33196
0.0;0;0;43517;0
0.0;0;0;43523;0
0.355;577146;264598;43528;312548
0.376;176315;123830;43533;52485
0.569;88628;78943;43541;9685
0.205;611209;235441;43543;375768
0.0;0;0;43572;0
0.391;118326;48716;43579;69610
0.296;295713;71286;43581;224427
0.35;154854;46042;43616;108812
0.107;252512;73764;43629;178748
0.591;49989;44956;43631;5033
0.545;481341;259928;43633;221413
1.0;3686;3579;43646;107
0.275;81043;38672;43658;42371
0.741;85501;50476;43660;35025
0.0;0;0;43680;0
0.0;0;0;43698;0
0.193;271740;125043;43705;146697
0.709;59704;40106;43706;19598
0.0;0;0;43713;0
1.0;20744;20744;43716;0
0.124;158274;59988;43725;98286
0.156;103801;47944;43731;55857
0.209;774546;205405;43771;569141
0.37;185570;76682;43775;108888
0.151;73652;23582;43785;50070
0.388;1545415;625747;43795;919668
1.0;2889;2889;43831;0
0.746;136126;92582;43883;43544
0.477;32027;22380;43977;9647
0.0;0;0;43979;0
0.436;8179;7722;43986;457
0.31;717179;325606;43988;391573
0.0;0;0;43993;0
0.433;1941;1633;44004;308
0.0;0;0;44005;0
0.0;0;0;44056;0
0.0;0;0;44063;0
0.5;167939;69933;44105;98006
0.557;24627;9909;44125;14718
1.0;173;173;44179;0
0.298;71604;51265;44230;20339
0.253;96245;43851;44277;52394
1.0;5677;3795;44307;1882
0.0;0;0;44400;0
1.0;3309;3308;44415;1
0.0;0;0;44429;0
0.0;0;0;44435;0
0.116;190390;67535;44450;122855
0.212;266214;103440;44461;162774
0.395;331202;155856;44475;175346
0.221;410451;163512;44487;246939
0.046;105154;26902;44489;78252
0.0;0;0;44492;0
0.367;287147;119107;44495;168040
0.197;6247;5491;44501;756
0.169;273536;72216;44517;201320
0.112;53788;23239;44541;30549
0.0;0;0;44586;0
0.285;268661;105162;44596;163499
0.146;205249;41174;44602;164075
0.48;69019;37002;44603;32017
0.0;0;0;44610;0
0.813;42533;36195;44611;6338
0.165;284509;122668;44618;161841
0.433;555786;268780;44620;287006
0.014;16251;0;44630;16251
1.0;868;868;44633;0
0.75;34776;27491;44652;7285
0.728;99386;84239;44705;15147
0.162;37199;13648;44713;23551
0.789;91684;65070;44715;26614
0.515;116361;86585;44720;29776
0.222;624598;207971;44721;416627
0.0;0;0;44785;0
0.474;43962;38389;44787;5573
0.957;15177;14810;44838;367
0.294;288330;128788;44853;159542
0.0;0;0;44867;0
0.345;235567;154260;44871;81307
0.313;45150;12720;44877;32430
0.0;0;0;44894;0
0.982;4498;4366;44922;132
0.565;3554;1612;44957;1942
0.552;151295;89621;44961;61674
0.299;181495;126155;44985;55340
0.341;14181;9970;44989;4211
0.469;763665;354582;45002;409083
1.0;1970;1970;45027;0
0.366;243578;159164;45082;84414
0.248;426041;170862;45099;255179
0.355;147062;112181;45120;34881
0.0;0;0;45125;0
0.108;85139;41425;45140;43714
0.0;0;0;45147;0
1.0;26592;26592;45156;0
0.0;0;0;45173;0
0.0;0;0;45217;0
0.002;146720;0;45234;146720
0.522;167393;93132;45251;74261
0.02;8864;0;45254;8864
0.127;176196;45441;45264;130755
0.07;95037;22660;45367;72377
0.388;103691;61896;45377;41795
0.46;9666;9173;45382;493
0.0;0;0;45405;0
1.0;0;0;45418;0
0.916;98323;54676;45420;43647
0.391;44295;27600;45475;16695
0.0;0;0;45500;0
0.0;0;0;45611;0
0.0;0;0;45616;0
0.0;0;0;45627;0
0.354;193974;93552;45632;100422
0.198;407703;151013;45647;256690
0.0;0;0;45649;0
0.045;21602;8884;45651;12718
0.29;50965;24099;45703;26866
0.253;227143;118017;45723;109126
1.0;2325;1550;45743;775
0.296;11357;3020;45751;8337
0.092;124006;50815;45791;73191
0.2;234614;92041;45828;142573
0.0;0;0;45837;0
0.403;39207;11664;45844;27543
0.0;0;0;45846;0
0.424;142671;92195;45854;50476
0.166;191081;52549;45856;138532
0.279;578153;192525;45858;385628
0.0;0;0;45862;0
0.0;0;0;45871;0
0.515;109702;38951;45877;70751
0.55;7193;5745;45900;1448
0.594;53301;48448;45938;4853
0.038;38309;16501;45944;21808
0.0;0;0;45951;0
1.0;1384;1384;45977;0
0.538;96291;53360;46014;42931
0.0;0;0;46021;0
0.205;195700;63161;46028;132539
0.309;850169;291684;46034;558485
0.661;97486;64873;46041;32613
0.356;763594;263487;46059;500107
0.402;180367;119436;46067;60931
0.739;180340;102808;46083;77532
0.225;91326;65205;46088;26121
0.578;103504;78757;46106;24747
0.189;47001;35084;46109;11917
0.1;53945;25071;46111;28874
0.144;42689;16975;46117;25714
0.0;0;0;46120;0
0.287;228491;124973;46264;103518
0.662;18477;15984;46309;2493
0.578;100061;87520;46377;12541
0.23;382389;172212;46378;210177
0.658;19604;11219;46381;8385
0.839;22475;18052;46387;4423
0.055;121479;34244;46390;87235
0.0;0;0;46418;0
0.424;46686;13485;46449;33201
0.761;157037;93692;46490;63345
0.193;90426;54704;46528;35722
0.347;322521;133591;46529;188930
0.199;262449;101653;46531;160796
0.475;82883;33726;46535;49157
0.509;181577;116366;46542;65211
0.343;29233;13245;46550;15988
0.363;390507;122459;46563;268048
0.0;0;0;46567;0
1.0;27116;12623;46568;14493
0.364;11933;4424;46591;7509
0.379;221474;101147;46596;120327
0.0;0;0;46599;0
0.508;216731;138400;46601;78331
0.0;0;0;46608;0
0.253;280526;141238;46616;139288
0.23;201591;67898;46624;133693
0.168;255950;81582;46631;174368
0.198;125524;56616;46633;68908
0.0;0;0;46635;0
0.18;402655;104338;46647;298317
1.0;2106;2106;46650;0
0.248;87469;40084;46678;47385
0.0;0;0;46721;0
0.901;13644;10337;46744;3307
0.0;0;0;46948;0
0.635;42685;34874;47004;7811
0.516;117360;54295;47006;63065
0.671;57643;44509;47040;13134
0.508;48825;21984;47042;26841
0.0;0;0;47074;0
0.0;0;0;47158;0
0.0;0;0;47165;0
0.0;0;0;47172;0
0.251;39512;32209;47177;7303
0.436;58621;43505;47181;15116
0.0;0;0;47247;0
0.0;0;0;47290;0
0.646;43937;23477;47307;20460
0.063;18907;9720;47310;9187
0.232;205495;63025;47320;142470
0.0;0;0;47322;0
0.537;71636;44159;47330;27477
1.0;2487;2487;47339;0
0.0;0;0;47351;0
0.0;0;0;47352;0
0.103;99382;25504;47355;73878
0.352;622925;244226;47398;378699
0.139;236912;74482;47424;162430
0.97;13303;12183;47444;1120
0.603;55070;29732;47452;25338
0.0;0;0;47457;0
0.0;0;0;47478;0
0.0;0;0;47479;0
0.0;0;0;47483;0
0.0;0;0;47491;0
0.158;909403;376429;47515;532974
0.713;112020;101720;47522;10300
0.153;178629;75482;47565;103147
0.734;29087;16141;47568;12946
0.205;463904;181171;47570;282733
0.289;214526;123075;47572;91451
0.0;0;0;47574;0
0.0;0;0;47580;0
0.0;0;0;47599;0
0.0;0;0;47601;0
0.354;283508;141224;47603;142284
0.0;0;0;47613;0
0.0;0;0;47616;0
1.0;39271;39271;47617;0
0.0;0;0;47625;0
0.041;35906;14282;47630;21624
0.0;0;0;47633;0
0.54;58075;39449;47636;18626
0.307;105037;44417;47644;60620
0.368;294356;153562;47656;140794
0.536;40964;18486;47674;22478
0.0;0;0;47680;0
0.0;0;0;47687;0
0.0;0;0;47699;0
0.434;112847;88595;47707;24252
0.0;0;0;47722;0
0.797;37403;28231;47742;9172
0.438;279056;91120;47747;187936
0.335;114572;83399;47751;31173
0.323;122863;60990;47753;61873
0.37;388888;153359;47755;235529
0.32;214500;25937;47756;188563
0.33;210417;92054;47759;118363
0.0;0;0;47761;0
1.0;1503;1503;47765;0
0.035;75046;17432;47768;57614
1.0;8715;8715;47774;0
0.287;83977;48642;47789;35335
1.0;0;0;47794;0
0.465;1401310;511369;47819;889941
0.582;160058;120801;47830;39257
0.0;0;0;47835;0
0.306;249450;62795;47841;186655
0.345;64267;51056;47846;13211
0.408;220626;145196;47849;75430
0.0;0;0;47999;0
0.493;80549;54555;48021;25994
0.179;218219;56492;48120;161727
0.75;24248;20252;48123;3996
0.918;3664;3339;48126;325
0.258;235732;90058;48129;145674
0.404;218469;75033;48137;143436
0.412;171251;139041;48141;32210
0.375;203747;109643;48142;94104
0.905;2471;2295;48150;176
0.0;0;0;48164;0
0.723;35859;32642;48175;3217
0.978;68290;48883;48176;19407
0.378;35811;27318;48182;8493
0.313;192504;95417;48187;97087
0.292;283260;146860;48196;136400
0.065;199928;32148;48208;167780
0.7;672;455;48210;217
0.428;102105;57604;48216;44501
0.2;115232;72403;48222;42829
0.248;407746;157601;48231;250145
1.0;1577;1577;48245;0
0.304;302085;195817;48258;106268
0.0;0;0;48279;0
0.332;100692;47307;48303;53385
0.349;306235;60142;48305;246093
0.051;75880;16306;48319;59574
0.278;1026816;278621;48323;748195
0.431;134616;50622;48330;83994
0.326;74477;25600;48339;48877
0.653;24854;20616;48359;4238
0.579;73657;46911;48374;26746
0.227;182298;124176;48378;58122
0.0;0;0;48383;0
0.0;0;0;48386;0
0.0;0;0;48402;0
0.56;65324;27526;48403;37798
0.0;0;0;48404;0
0.271;221894;119624;48412;102270
0.505;40015;28870;48466;11145
0.342;252156;127095;48528;125061
0.245;35453;23725;48550;11728
0.205;307650;135965;48557;171685
1.0;12099;12099;48561;0
0.196;84913;54412;48592;30501
0.0;0;0;48622;0
1.0;55948;55949;48661;1
0.306;106026;37996;48680;68030
0.663;7480;6144;48765;1336
0.417;190251;126566;48770;63685
0.0;0;0;48780;0
0.714;1796;806;48809;990
0.378;35440;26557;48856;8883
0.528;150069;128230;48872;21839
0.405;15827;6976;48878;8851
0.0;0;0;48880;0
0.897;3666;3626;48884;40
0.125;294105;118895;48908;175210
0.0;0;0;48913;0
0.1;54984;16596;48919;38388
0.0;0;0;48929;0
0.0;0;0;48937;0
0.189;262015;88844;48955;173171
0.35;26900;10395;48959;16505
0.0;0;0;48961;0
0.0;0;0;48969;0
1.0;7289;7289;48978;0
0.123;686341;205389;48991;480952
1.0;5786;5786;48993;0
0.0;0;0;48996;0
0.114;59994;15675;48998;44319
0.71;82699;57630;49009;25069
0.199;248954;72305;49024;176649
0.0;0;0;49027;0
0.282;9921;9850;49045;71
0.0;0;0;49072;0
0.161;503166;124091;49081;379075
0.0;0;0;49082;0
0.159;26665;18422;49092;8243
0.0;0;0;49094;0
0.0;0;0;49096;0
0.589;79652;46695;49108;32957
1.0;12434;6217;49160;6217
0.504;88019;66393;49176;21626
0.531;140637;115369;49177;25268
0.0;0;0;49183;0
0.607;275876;191321;49237;84555
0.212;454204;226386;49242;227818
0.558;88839;75113;49255;13726
0.194;347390;173179;49280;174211
0.326;10324;5113;49284;5211
0.0;0;0;49324;0
0.0;0;0;49333;0
0.557;10919;9170;49405;1749
0.273;93933;36037;49424;57896
0.246;299593;117886;49425;181707
0.437;183897;142650;49441;41247
1.0;1107;1107;49442;0
0.0;0;0;49457;0
0.52;24287;18415;49460;5872
0.161;52069;30007;49466;22062
0.21;124686;41306;49468;83380
0.394;73021;57958;49470;15063
0.418;133020;116386;49476;16634
0.0;0;0;49478;0
0.259;173561;68644;49538;104917
0.359;293969;169163;49544;124806
0.257;59983;28054;49548;31929
0.164;16873;13493;49550;3380
0.396;156580;103214;49564;53366
0.0;0;0;49567;0
0.761;4054;2877;49578;1177
0.812;150791;112497;49583;38294
0.18;65261;39684;49590;25577
0.334;245023;112387;49594;132636
0.214;354819;215836;49662;138983
0.602;46137;27155;49677;18982
0.225;21006;10841;49693;10165
1.0;173;173;49764;0
0.41;144710;70889;49789;73821
0.0;0;0;49790;0
0.214;87012;41768;49791;45244
0.158;89261;36500;49792;52761
0.542;175581;89916;49820;85665
0.223;238047;131566;49825;106481
0.0;0;0;49867;0
0.431;54469;22534;49928;31935
0.755;16688;11145;49951;5543
0.117;22480;5736;49968;16744
0.091;108742;37557;50006;71185
0.545;110378;34184;50014;76194
0.154;76481;33810;50018;42671
0.147;24379;18978;50028;5401
0.294;236744;121557;50040;115187
0.131;106608;37486;50056;69122
0.301;184500;61819;50060;122681
0.245;251914;71988;50078;179926
0.188;577807;160744;50086;417063
0.118;133899;53478;50087;80421
0.0;0;0;50092;0
0.0;0;0;50109;0
0.0;0;0;50110;0
0.208;198065;51071;50123;146994
0.079;52667;20469;50135;32198
0.587;27889;9236;50143;18653
0.0;0;0;50145;0
0.144;27996;16932;50153;11064
0.0;0;0;50161;0
0.0;0;0;50191;0
0.092;261700;69417;50206;192283
0.491;63648;35308;50214;28340
0.102;157881;54427;50250;103454
0.402;48792;25302;50297;23490
0.0;0;0;50306;0
0.0;0;0;50322;0
0.403;178622;106492;50323;72130
0.0;0;0;50332;0
0.988;83244;60018;50338;23226
0.061;138174;34253;50394;103921
0.811;41580;34933;50406;6647
0.576;33604;25100;50425;8504
0.207;232414;98332;50474;134082
0.208;222813;111737;50481;111076
0.52;8410;7033;50496;1377
0.129;74359;41447;50500;32912
1.0;205;205;50508;0
0.311;116049;45132;50549;70917
0.105;76775;29299;50554;47476
0.14;368614;165865;50569;202749
0.0;0;0;50571;0
0.914;5259;4757;50574;502
0.105;213421;65791;50603;147630
0.011;13205;0;50624;13205
0.333;202399;121329;50641;81070
0.136;28258;10111;50644;18147
0.446;8788;6596;50646;2192
0.0;0;0;50672;0
0.096;60309;14654;50674;45655
0.296;41806;22425;50675;19381
0.0;0;0;50677;0
0.228;401543;204733;50678;196810
0.765;154001;108198;50694;45803
0.188;238976;113438;50702;125538
0.0;0;0;50725;0
0.366;547365;229646;50736;317719
0.002;270821;0;50756;270821
1.0;0;0;50791;0
0.619;85356;55717;50796;29639
0.0;0;0;50802;0
0.0;0;0;50806;0
0.617;11328;9104;50855;2224
0.184;53850;30550;50874;23300
0.129;293988;128622;50879;165366
0.031;63193;25572;50892;37621
0.0;0;0;50902;0
0.549;19880;17203;50921;2677
0.596;2900;3782;50945;882
0.0;0;0;50952;0
0.264;109172;16834;50962;92338
0.265;147852;64004;50964;83848
0.249;251955;135777;50970;116178
0.0;0;0;50979;0
0.215;100613;61283;51002;39330
0.34;240221;129332;51010;110889
0.172;69766;20984;51028;48782
0.0;0;0;51047;0
0.243;607903;195835;51060;412068
0.079;78887;27462;51075;51425
0.0;0;0;51100;0
0.472;97145;74401;51101;22744
0.249;42139;12618;51110;29521
0.343;28354;13985;51118;14369
0.348;37563;16760;51123;20803
0.0;0;0;51134;0
0.0;0;0;51140;0
0.396;168209;79798;51141;88411
0.725;124319;79259;51176;45060
0.176;255920;71215;51200;184705
0.306;19163;9769;51202;9394
0.0;0;0;51221;0
0.735;74618;40520;51231;34098
0.127;274090;93740;51244;180350
0.0;0;0;51246;0
0.0;0;0;51249;0
0.0;0;0;51251;0
0.0;0;0;51257;0
0.331;95492;45809;51277;49683
0.034;160922;47362;51309;113560
0.0;0;0;51321;0
0.351;301902;66857;51386;235045
0.0;0;0;51474;0
0.491;54204;29569;51497;24635
0.0;0;0;51586;0
0.178;195119;64201;51656;130918
0.112;320039;69006;51749;251033
0.0;0;0;51777;0
0.946;21607;20659;51801;948
1.0;5246;5246;51811;0
0.883;26917;13676;51815;13241
0.685;84514;56714;51820;27800
0.405;21138;14235;51910;6903
0.0;0;0;51916;0
0.402;31142;19810;51924;11332
0.223;25385;14238;51946;11147
0.0;0;0;51962;0
0.167;90040;22680;51974;67360
0.0;0;0;52001;0
0.0;0;0;52002;0
0.256;8938;7916;52101;1022
0.417;163338;114069;52105;49269
0.0;0;0;52113;0
0.384;78796;59507;52128;19289
0.207;117995;58880;52129;59115
0.696;72369;43612;52156;28757
0.0;0;0;52382;0
0.0;0;0;52399;0
0.219;568466;210167;52404;358299
0.068;125200;21720;52426;103480
0.454;21014;19553;52438;1461
0.227;509642;196490;52440;313152
0.675;27516;15176;52442;12340
0.202;177147;68796;52443;108351
0.0;0;0;52445;0
0.171;38284;20687;52448;17597
0.321;24427;18228;52449;6199
0.078;447543;153346;52450;294197
0.902;44730;14117;52451;30613
1.0;0;0;52453;0
0.333;5991;5088;52454;903
0.102;277094;85024;52462;192070
0.963;161888;119640;52464;42248
0.211;243839;124726;52465;119113
0.059;67932;32114;52466;35818
0.102;16304;7018;52469;9286
0.301;127291;40665;52470;86626
0.401;32987;21068;52472;11919
0.199;219623;36315;52480;183308
0.213;75427;29451;52481;45976
0.0;0;0;52484;0
0.171;224948;106396;52488;118552
0.952;991;854;52489;137
0.191;150046;55624;52490;94422
1.0;877;877;52499;0
0.492;539282;355788;52500;183494
0.045;157964;30104;52504;127860
0.252;301861;175918;52508;125943
0.461;110665;90055;52511;20610
0.0;0;0;52526;0
0.442;52800;22998;52534;29802
0.917;14905;14211;52535;694
0.0;0;0;52541;0
0.359;4928;3208;52572;1720
0.385;21135;17724;52579;3411
0.204;457393;203210;52592;254183
0.0;0;0;52598;0
0.225;207053;107613;52602;99440
0.54;88326;62243;52614;26083
0.288;150211;78591;52634;71620
0.454;870400;395772;52675;474628
0.0;0;0;52688;0
0.142;99222;55816;52713;43406
0.794;240677;208161;52762;32516
0.188;367490;109078;52771;258412
1.0;2952;2952;52780;0
0.0;0;0;52790;0
0.291;914299;316013;52796;598286
0.046;375672;109397;52803;266275
0.442;71042;43348;52812;27694
0.581;139207;68649;52818;70558
0.482;162188;125437;52836;36751
0.699;51385;45571;52841;5814
0.342;85263;61290;52852;23973
0.352;33963;25077;52854;8886
0.347;74688;52323;52858;22365
0.455;64757;38910;52869;25847
0.522;166706;106358;52879;60348
0.335;140882;51948;52949;88934
0.251;292006;137269;52954;154737
0.0;0;0;52956;0
0.34;9230;8791;52959;439
0.0;0;0;52960;0
0.0;0;0;52966;0
0.484;48290;35197;52981;13093
0.0;0;0;52985;0
0.66;21056;16790;52989;4266
0.175;259649;103165;52993;156484
0.074;542425;93082;53000;449343
0.0;0;0;53022;0
0.0;0;0;53136;0
0.296;701524;327717;53172;373807
0.379;219652;142533;53176;77119
0.627;185825;124230;53178;61595
0.247;687990;299986;53231;388004
0.669;94157;45696;53258;48461
1.0;659;659;53268;0
0.127;88818;28441;53292;60377
0.223;672918;204618;53313;468300
0.0;0;0;53345;0
0.241;63772;33299;53382;30473
0.433;41162;31823;53384;9339
0.531;22582;15501;53408;7081
0.563;130278;70090;53410;60188
0.448;273883;196914;53415;76969
0.112;302299;86436;53443;215863
0.295;173725;82976;53449;90749
1.0;3684;3684;53455;0
0.0;0;0;53473;0
0.591;28074;14157;53478;13917
0.0;0;0;53489;0
0.449;160383;124853;53495;35530
0.0;0;0;53556;0
0.178;276039;75382;53565;200657
0.0;0;0;53630;0
0.144;35932;18640;53653;17292
0.0;0;0;53658;0
0.684;3379;2410;53662;969
0.992;114749;101358;53674;13391
1.0;144;144;53681;0
0.346;73519;35485;53685;38034
0.0;0;0;53686;0
0.362;550472;204826;53692;345646
1.0;176969;73249;53704;103720
0.0;0;0;53709;0
0.561;63382;49959;53744;13423
1.0;13439;13439;53826;0
1.0;1797;1797;53836;0
0.452;86365;79717;53861;6648
0.0;0;0;53897;0
0.0;0;0;53898;0
0.205;295032;124389;53901;170643
0.0;0;0;53910;0
0.1;317451;110111;53911;207340
0.236;54295;33411;53918;20884
0.165;230934;56521;53924;174413
0.0;0;0;53939;0
0.027;34918;16427;53979;18491
0.158;62486;22285;53995;40201
0.0;0;0;54056;0
0.185;675543;199601;54059;475942
0.0;0;0;54064;0
1.0;5600;5600;54074;0
0.667;4454;4378;54141;76
0.242;35647;6122;54147;29525
0.38;74797;40905;54216;33892
0.0;0;0;54241;0
0.23;265882;100139;54260;165743
0.0;0;0;54278;0
0.3;137782;63703;54383;74079
0.0;0;0;54386;0
0.0;0;0;54387;0
0.386;17186;15619;54404;1567
0.143;32389;16908;54432;15481
0.0;0;0;54464;0
0.981;13493;13451;54465;42
0.0;0;0;54467;0
0.225;205277;94141;54485;111136
0.453;434764;249493;54489;185271
0.222;18966;13964;54492;5002
0.099;202322;47960;54493;154362
0.0;0;0;54500;0
0.0;0;0;54521;0
0.0;0;0;54525;0
0.482;17495;11227;54530;6268
0.159;24117;11396;54532;12721
0.253;119066;52260;54543;66806
0.0;0;0;54545;0
0.0;0;0;54564;0
0.476;27415;23232;54586;4183
0.084;31765;18809;54593;12956
0.0;0;0;54617;0
0.238;40181;20131;54623;20050
0.077;53006;18212;54630;34794
0.0;0;0;54632;0
0.272;13819;12030;54665;1789
0.0;0;0;54669;0
0.15;52121;32817;54676;19304
0.188;481927;185081;54683;296846
0.161;20154;10935;54686;9219
0.0;0;0;54694;0
0.0;0;0;54741;0
0.0;0;0;54773;0
0.232;76437;38686;54776;37751
0.444;22942;14198;54777;8744
0.306;180258;93118;54795;87140
0.0;0;0;54811;0
1.0;8800;8215;54826;585
0.402;191640;145934;54836;45706
0.983;4321;4317;54887;4
0.304;171150;109385;54902;61765
0.437;73562;52865;54924;20697
0.0;0;0;54933;0
0.108;185537;34548;54936;150989
1.0;0;0;54940;0
0.0;0;0;54958;0
0.235;41682;18216;54969;23466
0.541;178672;111620;55002;67052
1.0;3340;3340;55019;0
0.053;193520;37072;55024;156448
0.439;70217;56171;55042;14046
0.226;236470;107930;55060;128540
0.401;61743;32933;55108;28810
1.0;0;0;55126;0
0.0;0;0;55127;0
0.0;0;0;55151;0
0.275;92545;49844;55163;42701
1.0;0;0;55171;0
0.265;534043;210770;55173;323273
0.0;0;0;55174;0
0.254;257393;80802;55177;176591
0.558;81433;59665;55183;21768
0.564;314315;197575;55190;116740
0.289;52897;23491;55197;29406
0.0;0;0;55234;0
0.0;0;0;55257;0
0.0;0;0;55289;0
0.404;132433;90251;55312;42182
0.0;0;0;55318;0
0.928;239934;180470;55329;59464
0.053;90195;14499;55377;75696
0.0;0;0;55390;0
0.023;391071;158600;55400;232471
0.26;341406;175727;55484;165679
0.195;174808;79223;55493;95585
0.084;115695;41513;55498;74182
0.259;4654;3909;55507;745
0.222;277401;130321;55509;147080
0.391;248183;148932;55514;99251
0.0;0;0;55517;0
0.166;23375;2632;55526;20743
0.0;0;0;55528;0
0.395;332897;217135;55538;115762
0.0;0;0;55539;0
0.616;200372;145488;55541;54884
0.264;239430;138208;55551;101222
0.824;408997;238209;55580;170788
0.162;190460;90979;55597;99481
0.167;191094;46866;55601;144228
0.197;228838;77176;55609;151662
0.157;73339;28463;55629;44876
0.143;57840;25911;55634;31929
0.147;778049;218148;55639;559901
0.0;0;0;55641;0
0.561;387552;197630;55665;189922
0.264;213974;84486;55686;129488
0.0;0;0;55885;0
0.038;37705;16501;55917;21204
0.41;28628;26147;55934;2481
0.723;87278;71397;55943;15881
0.529;76081;57020;55954;19061
0.283;22502;6894;55961;15608
0.216;80143;47984;55963;32159
0.689;119101;90939;56040;28162
0.396;84295;42245;56041;42050
0.255;53109;29986;56048;23123
0.417;71098;52729;56049;18369
0.058;263889;64486;56050;199403
0.32;71648;44179;56054;27469
0.0;0;0;56056;0
0.559;340043;180186;56060;159857
0.286;189714;141013;56064;48701
0.0;0;0;56069;0
0.0;0;0;56075;0
0.425;155662;126751;56089;28911
0.597;8419;7567;56091;852
1.0;6217;6217;56107;0
0.0;0;0;56147;0
0.694;7296;6999;56185;297
0.214;8532;5032;56224;3500
0.176;487306;136968;56232;350338
0.0;0;0;56237;0
0.0;0;0;56242;0
0.0;0;0;56257;0
0.42;715492;265435;56301;450057
0.325;35470;31074;56329;4396
0.356;111065;54132;56337;56933
0.212;221050;171475;56341;49575
0.161;291842;102647;56359;189195
0.356;359304;153639;56361;205665
0.176;193017;42972;56429;150045
0.404;255555;148127;56489;107428
0.882;30656;20882;56530;9774
0.0;0;0;56588;0
0.0;0;0;56589;0
0.354;1085648;422821;56618;662827
0.386;129097;82895;56621;46202
0.211;518735;200625;56631;318110
0.258;214290;117394;56637;96896
0.203;231711;58069;56644;173642
0.318;48966;15970;56648;32996
0.197;76177;3117;56681;73060
1.0;18423;11319;56692;7104
0.041;177968;35683;56693;142285
0.257;185622;99696;56709;85926
0.47;176033;101152;56724;74881
0.087;70683;22947;56750;47736
0.289;58868;26418;56788;32450
0.352;151679;81011;56800;70668
0.541;132051;90216;56815;41835
0.781;92834;57995;56837;34839
0.298;107068;27332;56869;79736
0.122;350270;88078;56885;262192
0.061;100871;18577;56895;82294
0.536;170056;111568;56976;58488
0.837;4883;4785;56984;98
0.9;23300;22273;56987;1027
0.19;296736;103149;56989;193587
0.536;34614;24250;57024;10364
0.0;0;0;57027;0
0.196;313460;73849;57122;239611
0.538;11715;5434;57146;6281
0.311;257363;139853;57217;117510
0.0;0;0;57240;0
0.392;1752718;549765;57263;1202953
0.0;0;0;57278;0
0.0;0;0;57290;0
0.199;281109;126713;57317;154396
0.0;0;0;57343;0
0.0;0;0;57356;0
0.0;0;0;57358;0
0.162;96795;34932;57382;61863
1.0;59156;47360;57399;11796
0.27;279972;95495;57409;184477
0.128;52600;17951;57445;34649
0.139;302138;130343;57449;171795
0.184;102952;22508;57453;80444
0.0;0;0;57497;0
0.298;19903;15115;57543;4788
0.471;680242;299415;57595;380827
0.712;57893;48471;57597;9422
0.259;257714;112102;57604;145612
0.147;448781;173557;57610;275224
0.476;97700;72996;57611;24704
0.325;207070;84731;57668;122339
0.106;56405;23583;57671;32822
0.223;435816;188553;57686;247263
0.965;86629;66816;57702;19813
0.445;122592;107367;57707;15225
0.097;22107;6773;57717;15334
1.0;978;978;57719;0
0.0;0;0;57776;0
0.172;315016;93485;57791;221531
0.0;0;0;57797;0
0.365;35720;25691;57848;10029
0.0;0;0;57857;0
0.359;132890;58156;57900;74734
0.302;70096;47002;57904;23094
0.639;100893;72565;57911;28328
0.398;120521;73687;57927;46834
0.211;345937;126281;57933;219656
0.185;248123;114839;57941;133284
0.731;41497;34936;57949;6561
0.553;27969;20372;57966;7597
0.212;49843;32208;57970;17635
0.642;12596;11577;58079;1019
0.0;0;0;58082;0
0.361;16756;10580;58087;6176
0.158;235195;57066;58098;178129
0.621;10168;5365;58111;4803
0.281;68749;18585;58117;50164
0.243;155320;75190;58122;80130
0.594;163354;119418;58126;43936
0.0;0;0;58134;0
0.147;38842;16641;58135;22201
1.0;4831;4831;58140;0
0.695;32506;24511;58161;7995
1.0;2254;2254;58178;0
0.0;0;0;58228;0
0.0;0;0;58229;0
1.0;4773;4773;58236;0
0.093;46333;28069;58285;18264
0.0;0;0;58300;0
0.155;83495;46725;58309;36770
0.169;141952;44632;58321;97320
0.535;35596;18755;58333;16841
0.156;471441;115488;58421;355953
0.156;553254;124087;58445;429167
0.582;55745;43109;58482;12636
0.536;35036;31115;58561;3921
0.0;0;0;58618;0
0.073;53089;14298;58638;38791
0.156;80202;4223;58650;75979
0.258;305359;143843;58678;161516
0.98;13116;12146;58694;970
0.402;25314;17452;58735;7862
0.137;81984;28016;58743;53968
1.0;3100;3100;58744;0
0.304;145284;63947;58753;81337
0.517;83999;63528;58762;20471
0.266;23420;16889;58764;6531
0.417;199274;99089;58766;100185
0.51;216473;136554;58770;79919
0.157;290873;58372;58778;232501
0.814;108560;94662;58788;13898
0.19;493005;203478;58791;289527
0.138;123656;97497;58837;26159
0.514;7844;7384;58851;460
0.0;0;0;58856;0
0.052;14923;5399;58864;9524
0.608;15933;9317;58866;6616
0.0;0;0;58887;0
0.549;138492;85067;58888;53425
0.0;0;0;58893;0
0.501;39866;30096;58920;9770
0.049;4167;1569;58933;2598
1.0;3963;3963;59022;0
0.0;0;0;59065;0
0.0;0;0;59072;0
1.0;37248;37248;59124;0
0.977;52535;10419;59148;42116
0.047;58639;20324;59186;38315
0.0;0;0;59250;0
0.879;79758;61066;59325;18692
0.32;25467;9201;59336;16266
0.19;302539;97025;59344;205514
0.18;233859;74221;59388;159638
0.23;170985;58834;59422;112151
0.184;135387;38787;59427;96600
0.513;17045;13248;59448;3797
0.0;0;0;59491;0
0.0;0;0;59518;0
0.0;0;0;59520;0
0.19;202592;60344;59534;142248
0.0;0;0;59541;0
0.368;140852;46847;59543;94005
0.087;37265;7193;59553;30072
0.895;76162;47584;59561;28578
0.363;138747;71741;59575;67006
0.566;57976;51763;59602;6213
0.0;0;0;59607;0
0.0;0;0;59613;0
0.44;30420;19354;59621;11066
0.53;286417;185619;59652;100798
0.0;0;0;59659;0
0.298;189728;139555;59669;50173
0.169;128759;45511;59680;83248
0.809;22656;16274;59691;6382
0.254;578875;206309;59699;372566
0.293;261872;100493;59717;161379
0.0;0;0;59737;0
0.268;27510;18968;59751;8542
0.389;4201;3053;59789;1148
0.164;288364;65284;59795;223080
0.0;0;0;59841;0
1.0;12434;12434;59845;0
0.0;0;0;59853;0
0.175;70964;19950;59880;51014
0.0;0;0;59896;0
0.287;420996;202630;59897;218366
0.306;143422;48406;59906;95016
0.382;281080;104029;59952;177051
0.244;18531;10996;60148;7535
0.209;252637;114376;60162;138261
0.0;0;0;60164;0
0.066;70228;19411;60227;50817
0.223;226366;93705;60239;132661
0.219;193918;72313;60258;121605
0.226;518535;245653;60266;272882
0.114;373670;91895;60321;281775
0.195;296800;97569;60326;199231
0.047;74786;28556;60332;46230
0.59;49249;33841;60364;15408
0.246;57513;42687;60373;14826
0.865;20241;19686;60394;555
0.411;518714;259375;60400;259339
0.083;675546;170636;60444;504910
0.063;50633;17743;60455;32890
0.17;409336;173410;60456;235926
0.396;78489;45639;60463;32850
0.084;39790;19411;60487;20379
0.0;0;0;60546;0
0.07;41401;9884;60550;31517
0.163;6745;4856;60551;1889
0.0;0;0;60554;0
1.0;41364;10341;60556;31023
0.36;16067;9971;60571;6096
0.0;0;0;60572;0
0.0;0;0;60578;0
1.0;306;306;60612;0
0.647;34532;32786;60636;1746
1.0;2380;2380;60637;0
0.0;0;0;60657;0
0.281;486023;154505;60713;331518
0.383;171458;109191;60718;62267
0.0;0;0;60727;0
0.833;9646;8912;60767;734
0.0;0;0;60768;0
0.417;10407;8415;60782;1992
0.257;149353;109655;60840;39698
0.467;58828;38359;60883;20469
0.38;131336;75849;60906;55487
0.367;179075;104851;60916;74224
0.865;41953;39578;60936;2375
0.041;29826;11943;60950;17883
0.0;0;0;60952;0
0.0;0;0;60985;0
0.822;95122;58740;61007;36382
0.272;320683;105757;61095;214926
0.441;71722;17115;61135;54607
0.202;430504;106990;61164;323514
0.571;18935;16327;61170;2608
0.076;41485;20705;61174;20780
0.441;450208;255810;61204;194398
1.0;2966;2966;61218;0
0.326;200408;74762;61236;125646
0.967;10509;10322;61241;187
0.0;0;0;61247;0
0.176;153365;30837;61249;122528
0.0;0;0;61266;0
0.0;0;0;61326;0
0.143;158732;22689;61346;136043
0.0;0;0;61347;0
0.045;92283;18251;61353;74032
0.178;48594;26640;61355;21954
0.295;128515;83336;61386;45179
1.0;3516;3516;61390;0
0.402;428161;287720;61396;140441
0.115;47893;22407;61415;25486
0.0;0;0;61465;0
1.0;9132;4566;61469;4566
0.741;9109;8128;61501;981
0.119;134141;53030;61564;81111
0.611;20946;18671;61610;2275
0.0;0;0;61629;0
0.0;0;0;61640;0
0.367;18475;12167;61642;6308
0.706;183741;120905;61725;62836
0.074;500871;154709;61760;346162
0.505;63706;46311;61768;17395
0.177;29785;18155;61795;11630
0.0;0;0;61801;0
0.506;30544;27118;61803;3426
0.138;132326;43448;61834;88878
1.0;1301;1301;61838;0
0.0;0;0;61841;0
0.0;0;0;61848;0
0.0;0;0;61849;0
0.0;0;0;61861;0
0.48;14559;12858;61876;1701
0.036;195174;30496;61888;164678
0.105;241418;92066;61915;149352
0.404;545822;288010;61929;257812
0.213;129708;58198;61941;71510
0.183;114918;30499;61954;84419
0.604;10200;6704;62015;3496
1.0;1823;1823;62107;0
0.045;20027;9460;62162;10567
0.225;278470;130068;62187;148402
0.0;0;0;62190;0
0.411;1069393;295396;62223;773997
0.885;136826;119440;62226;17386
0.407;188996;78185;62242;110811
0.234;410603;186661;62249;223942
0.282;966558;439547;62265;527011
0.281;22842;3905;62278;18937
0.329;93617;45188;62283;48429
0.179;308644;96246;62290;212398
0.309;9922;8977;62352;945
0.302;188595;109007;62359;79588
0.058;29627;12905;62366;16722
0.136;247635;87849;62368;159786
0.164;177219;72024;62371;105195
0.132;401221;78580;62372;322641
0.41;131982;34878;62375;97104
0.0;0;0;62376;0
0.0;0;0;62378;0
0.292;65352;36497;62385;28855
1.0;0;0;62388;0
0.411;642507;303628;62390;338879
0.17;170305;67605;62396;102700
0.0;0;0;62405;0
0.063;77736;28548;62470;49188
0.145;47611;20307;62551;27304
1.0;6586;6586;62555;0
0.987;20988;20775;62584;213
0.605;62481;37655;62594;24826
0.0;0;0;62606;0
0.53;73569;27984;62612;45585
0.0;0;0;62636;0
0.0;0;0;62651;0
0.05;159614;67942;62655;91672
0.093;37501;26156;62665;11345
1.0;9173;9173;62704;0
0.375;933331;352756;62748;580575
0.491;133955;99713;62757;34242
0.07;54487;10940;62761;43547
0.331;28996;13591;62833;15405
0.013;9586;0;62853;9586
0.055;14822;525;62866;14297
0.0;0;0;62869;0
0.0;0;0;62885;0
0.07;69097;17160;62889;51937
0.111;57755;24543;62915;33212
0.521;346422;159630;62980;186792
0.0;0;0;62984;0
0.326;239376;121959;62998;117417
1.0;20250;20250;63001;0
0.141;267520;63656;63020;203864
0.982;68012;57669;63054;10343
0.23;41687;20334;63087;21353
0.089;114368;38976;63116;75392
0.0;0;0;63126;0
0.363;249093;131542;63143;117551
0.392;135495;70807;63149;64688
0.291;250405;150166;63159;100239
0.0;0;0;63188;0
0.0;0;0;63199;0
0.841;239751;184187;63283;55564
0.521;258604;111310;63310;147294
0.386;765038;296902;63318;468136
1.0;3100;3100;63335;0
0.161;829157;210615;63346;618542
0.52;86350;49525;63360;36825
0.0;0;0;63368;0
0.0;0;0;63382;0
0.109;192576;59854;63396;132722
0.0;0;0;63400;0
0.209;624201;166096;63445;458105
0.0;0;0;63461;0
0.601;80870;57363;63502;23507
0.223;182635;73370;63570;109265
0.35;357238;161703;63611;195535
0.878;88032;66148;63645;21884
0.2;1064494;351824;63647;712670
0.478;964666;322771;63649;641895
0.109;739477;163284;63659;576193
0.942;18306;13633;63674;4673
0.0;0;0;63684;0
0.477;12697;10995;63689;1702
0.72;38882;32696;63692;6186
0.126;928399;213529;63693;714870
0.0;0;0;63726;0
0.223;33787;23310;63733;10477
0.3;49099;13675;63741;35424
0.509;33195;26079;63828;7116
0.111;168775;49666;63858;119109
0.092;37676;13263;63859;24413
0.272;615885;262110;63862;353775
0.374;149777;105006;63876;44771
0.549;125586;65567;63891;60019
0.457;63589;51008;63897;12581
0.942;7838;6848;63899;990
0.0;0;0;63916;0
0.633;103147;80691;63921;22456
0.0;0;0;63922;0
0.0;0;0;63924;0
0.0;0;0;64025;0
0.288;242713;81379;64039;161334
1.0;0;0;64067;0
0.541;192992;148052;64154;44940
0.521;197352;114853;64178;82499
0.151;399483;147422;64179;252061
0.527;102911;73902;64186;29009
1.0;2235;2235;64191;0
0.0;0;0;64192;0
0.0;0;0;64198;0
0.747;204194;107893;64240;96301
0.0;0;0;64623;0
0.0;0;0;64716;0
0.336;96876;60872;64739;36004
0.242;408404;145775;64773;262629
0.0;0;0;64783;0
0.741;49842;41134;64784;8708
0.046;60855;14078;64788;46777
0.226;129720;66669;64791;63051
0.0;0;0;64813;0
0.572;606732;291012;64821;315720
0.253;377036;60777;64831;316259
0.0;0;0;64834;0
0.0;0;0;64835;0
0.0;0;0;64837;0
0.0;0;0;64850;0
0.769;2479;1906;64865;573
0.355;202495;127139;64869;75356
0.278;12295;6783;64872;5512
0.0;0;0;64877;0
0.335;21512;12059;64884;9453
0.477;174389;95736;64902;78653
0.0;0;0;64929;0
0.212;67590;28216;64932;39374
0.0;0;0;64936;0
0.088;184722;76800;64942;107922
0.0;0;0;64943;0
0.0;0;0;64947;0
0.088;93232;38400;64959;54832
0.054;207574;34063;64972;173511
0.0;0;0;64974;0
1.0;0;0;64977;0
0.0;0;0;64980;0
0.074;40594;8900;64983;31694
0.0;0;0;64985;0
0.0;0;0;64988;0
0.0;0;0;64994;0
0.0;0;0;65000;0
0.217;65575;28216;65015;37359
0.115;42028;19310;65018;22718
0.094;63713;13851;65026;49862
1.0;0;0;65027;0
0.0;0;0;65028;0
1.0;10528;10528;65035;0
1.0;0;0;65041;0
0.098;83167;26698;65045;56469
0.0;0;0;65048;0
0.0;0;0;65049;0
0.516;31469;29697;65061;1772
0.0;0;0;65122;0
0.211;81825;43746;65135;38079
0.323;3971;2400;65143;1571
0.333;802790;364556;65153;438234
0.256;413793;157747;65163;256046
0.56;84355;50797;65175;33558
0.0;0;0;65176;0
0.192;386400;191048;65183;195352
0.274;113898;33478;65203;80420
0.478;40028;29338;65209;10690
0.353;5779;5355;65242;424
0.0;0;0;65268;0
0.366;11591;8092;65272;3499
0.317;31103;12730;65344;18373
0.2;194590;104551;65354;90039
0.123;40274;20340;65357;19934
0.35;31222;23837;65363;7385
0.243;65149;38271;65369;26878
0.78;15613;9022;65400;6591
0.0;0;0;65434;0
0.334;217379;126287;65442;91092
0.153;112661;47106;65461;65555
0.067;136639;51324;65465;85315
0.227;30977;13715;65469;17262
0.0;0;0;65476;0
0.0;0;0;65478;0
0.333;246546;171850;65529;74696
0.0;0;0;65530;0
0.223;69123;12057;65534;57066
0.115;1463;752;65563;711
0.0;0;0;65651;0
0.269;550193;148197;65658;401996
0.215;287307;80879;65682;206428
0.231;226531;63240;65779;163291
0.0;0;0;65781;0
0.072;15024;5030;65797;9994
0.0;0;0;65925;0
0.0;0;0;65977;0
0.608;133795;40423;66000;93372
0.237;134712;75220;66002;59492
0.0;0;0;66003;0
0.759;53369;29252;66010;24117
0.799;117775;40238;66060;77537
0.319;70092;39997;66063;30095
0.0;0;0;66086;0
0.457;467054;258792;66157;208262
0.111;169119;70817;66167;98302
0.177;26200;19225;66197;6975
0.407;11113;10419;66202;694
0.0;0;0;66231;0
0.0;0;0;66234;0
0.0;0;0;66252;0
0.694;30632;24959;66262;5673
0.0;0;0;66268;0
0.0;0;0;66280;0
0.0;0;0;66290;0
0.719;59551;43951;66301;15600
0.0;0;0;66326;0
0.226;344780;134226;66333;210554
0.0;0;0;66335;0
0.204;468177;160030;66338;308147
0.327;200130;119211;66340;80919
0.751;49049;39475;66347;9574
0.478;144794;51760;66353;93034
0.0;0;0;66354;0
0.111;19359;12811;66375;6548
0.422;133386;98684;66381;34702
0.0;0;0;66387;0
0.818;3938;2789;66398;1149
0.941;26977;12063;66506;14914
0.434;213184;160616;66517;52568
0.406;46371;34441;66519;11930
0.216;98311;28773;66522;69538
0.15;557825;130157;66542;427668
0.08;17884;8497;66603;9387
0.0;0;0;66621;0
0.0;0;0;66661;0
0.482;121760;48068;66682;73692
0.484;147217;98582;66747;48635
0.334;59244;44641;66769;14603
0.4;98317;65891;66775;32426
0.287;175858;85423;66793;90435
0.371;317905;180539;66812;137366
0.405;23166;14997;66829;8169
0.206;43253;19362;66830;23891
0.617;225351;117026;66839;108325
0.453;32859;18309;66859;14550
0.0;0;0;66863;0
1.0;9727;9727;66875;0
0.0;0;0;66884;0
1.0;1337;1337;66893;0
0.738;124243;77643;66920;46600
0.452;69253;38845;66923;30408
0.34;314367;146521;66924;167846
0.963;104193;79460;66936;24733
0.0;0;0;66940;0
0.24;99770;37096;66942;62674
0.353;27785;19426;66977;8359
0.0;0;0;66978;0
0.0;0;0;67026;0
0.0;0;0;67027;0
0.075;253141;57196;67043;195945
0.59;154826;108553;67057;46273
0.182;31232;15496;67149;15736
0.225;40251;23936;67159;16315
0.613;43080;15390;67196;27690
0.0;0;0;67204;0
0.067;74829;16461;67242;58368
0.0;0;0;67248;0
0.186;285575;70978;67347;214597
0.275;202418;89647;67370;112771
0.601;328138;191586;67385;136552
0.886;14940;4226;67486;10714
0.0;0;0;67498;0
0.483;456393;282504;67556;173889
0.381;333951;176945;67565;157006
0.251;58096;26460;67571;31636
0.473;398254;99234;67577;299020
0.119;114970;33546;67602;81424
0.0;0;0;67715;0
0.0;0;0;67894;0
1.0;32975;32975;67906;0
0.417;662311;326717;67909;335594
0.234;584427;231844;67917;352583
0.523;72799;27942;67921;44857
0.0;0;0;67951;0
0.459;383842;230006;67955;153836
0.796;31816;26892;67959;4924
0.208;104419;44510;67980;59909
0.331;358206;156319;67988;201887
0.923;3035;2896;68004;139
1.0;8518;8518;68017;0
0.205;27909;18312;68039;9597
0.0;0;0;68068;0
0.0;0;0;68104;0
0.0;0;0;68175;0
0.426;112551;103379;68186;9172
0.491;735193;353626;68193;381567
0.224;55900;47426;68213;8474
0.507;171616;96270;68247;75346
0.579;272180;185442;68254;86738
0.05;97516;31629;68256;65887
0.255;36525;14272;68282;22253
0.452;17394;15665;68297;1729
0.39;18187;16338;68307;1849
0.0;0;0;68334;0
0.392;133696;90544;68348;43152
0.056;223320;52850;68355;170470
0.309;143449;74371;68366;69078
0.0;0;0;68369;0
0.398;6910;5758;68400;1152
1.0;442;442;68416;0
0.27;375836;164746;68448;211090
0.361;375249;173569;68461;201680
0.226;60207;36002;68465;24205
0.0;0;0;68478;0
0.141;216766;72366;68521;144400
0.721;90154;71740;68530;18414
0.222;584427;146162;68564;438265
0.257;10592;6252;68569;4340
0.1;1643;998;68575;645
0.245;64485;20723;68591;43762
0.0;0;0;68608;0
0.321;62542;54546;68714;7996
0.487;36403;32917;68758;3486
0.0;0;0;68771;0
0.251;343262;200508;68775;142754
0.262;509516;167301;68830;342215
0.185;265875;92917;68831;172958
0.274;85207;26878;68842;58329
0.5;19456;10856;68862;8600
0.648;57537;34034;68903;23503
0.641;139194;76298;68927;62896
0.179;777617;180178;68962;597439
0.0;0;0;68967;0
0.065;55672;16093;68971;39579
0.297;414323;265533;68977;148790
0.154;79913;28936;68981;50977
0.14;342624;114077;68994;228547
0.0;0;0;68997;0
0.226;36033;11136;69003;24897
0.0;0;0;69017;0
0.344;204596;110629;69019;93967
1.0;7194;5929;69031;1265
0.253;114258;61323;69040;52935
0.469;18906;18750;69060;156
0.109;102551;34214;69067;68337
0.0;0;0;69082;0
0.663;36660;28788;69092;7872
0.213;188395;92186;69094;96209
1.0;3217;3217;69101;0
0.07;383855;104696;69136;279159
0.105;86709;22295;69141;64414
1.0;33937;33937;69181;0
0.137;103382;32308;69197;71074
0.0;0;0;69201;0
0.0;0;0;69203;0
0.304;122255;35693;69215;86562
0.625;59650;46960;69224;12690
0.0;0;0;69232;0
0.0;0;0;69240;0
0.271;218851;108057;69266;110794
0.811;6899;6686;69269;213
0.769;13542;11775;69280;1767
0.0;0;0;69296;0
0.559;471394;181528;69299;289866
0.0;0;0;69309;0
0.137;24532;15660;69343;8872
0.094;58254;26150;69359;32104
0.353;151429;108466;69373;42963
0.0;0;0;69379;0
0.511;50321;29923;69384;20398
0.316;29654;14533;69398;15121
0.304;18582;14163;69414;4419
0.089;29267;14524;69422;14743
0.447;22569;13769;69441;8800
0.37;268155;170662;69446;97493
0.376;26948;20954;69466;5994
0.0;0;0;69471;0
0.331;171946;62870;69477;109076
0.0;0;0;69481;0
0.158;186767;76399;69517;110368
0.222;378580;93589;69526;284991
1.0;8411;5857;69533;2554
0.242;13739;4767;69544;8972
0.242;453322;174987;69547;278335
0.543;66513;17750;69556;48763
0.714;98336;87323;69610;11013
0.21;379063;133935;69676;245128
0.737;45557;25930;69711;19627
0.0;0;0;69743;0
1.0;13529;13529;69799;0
0.24;81934;43192;69800;38742
0.0;0;0;69803;0
0.0;0;0;69805;0
0.664;34730;22548;69815;12182
0.0;0;0;69818;0
0.0;0;0;69819;0
0.334;260114;171741;69821;88373
0.327;175347;57402;69828;117945
0.379;196256;96211;69829;100045
0.24;44691;20404;69836;24287
0.318;390179;192430;69843;197749
0.277;91089;56400;69846;34689
0.301;58485;47610;69849;10875
0.0;0;0;69853;0
0.0;0;0;69882;0
0.303;293657;125044;69906;168613
0.0;0;0;69917;0
0.264;159208;77791;69994;81417
0.45;159714;129060;70053;30654
0.181;77438;35311;70105;42127
0.0;0;0;70128;0
0.0;0;0;70185;0
0.268;61471;30876;70226;30595
0.276;330366;136684;70247;193682
0.0;0;0;70260;0
0.0;0;0;70273;0
0.0;0;0;70280;0
0.67;25858;20785;70314;5073
0.328;196057;105843;70328;90214
0.398;92238;56720;70331;35518
0.644;35856;28474;70335;7382
0.137;92210;42637;70338;49573
0.264;361213;146410;70349;214803
0.535;12932;11763;70353;1169
0.147;26549;14681;70354;11868
0.454;103868;63704;70360;40164
0.27;262575;111681;70363;150894
0.124;386027;128198;70375;257829
0.172;270195;82380;70387;187815
0.04;120083;39064;70403;81019
0.092;304559;142316;70407;162243
0.0;0;0;70409;0
0.378;7865;7667;70428;198
0.125;81255;25076;70429;56179
0.0;0;0;70446;0
0.0;0;0;70473;0
0.049;545523;123795;70476;421728
0.434;1647895;426344;70479;1221551
0.348;28932;22731;70521;6201
0.339;103099;60629;70537;42470
0.023;13232;0;70585;13232
0.0;0;0;70617;0
0.0;0;0;70678;0
0.356;804872;367098;70702;437774
0.306;184805;99055;70707;85750
0.394;504842;237536;70722;267306
0.718;166889;142309;70723;24580
0.326;54500;22686;70763;31814
0.601;30120;22762;70775;7358
0.0;0;0;70794;0
0.522;169278;101893;70795;67385
0.543;124369;59919;70815;64450
0.263;378962;174238;70819;204724
0.312;107808;60125;70823;47683
0.262;170254;66393;70832;103861
0.238;162501;76702;70833;85799
0.0;0;0;70835;0
0.599;132258;96017;70842;36241
0.0;0;0;70850;0
0.0;0;0;70851;0
0.691;46748;20442;70854;26306
0.067;848563;179913;70865;668650
0.0;0;0;70889;0
0.0;0;0;70902;0
0.069;20975;12069;70932;8906
0.095;56750;15249;70953;41501
0.0;0;0;70963;0
0.111;8976;0;71014;8976
0.0;0;0;71092;0
0.242;283659;128900;71106;154759
0.417;94894;72178;71129;22716
0.078;155511;53307;71150;102204
0.211;339520;145865;71152;193655
0.0;0;0;71153;0
0.517;9747;8999;71164;748
0.703;65879;58194;71205;7685
0.041;63923;15102;71300;48821
0.0;0;0;71337;0
0.398;78947;62815;71383;16132
0.235;160594;84726;71403;75868
0.633;140494;113751;71494;26743
0.0;0;0;71498;0
0.41;94351;35729;71501;58622
0.83;14129;9305;71509;4824
0.147;47943;22124;71517;25819
0.0;0;0;71520;0
0.55;60341;40154;71534;20187
0.089;158953;53233;71539;105720
0.0;0;0;71569;0
1.0;19316;14751;71599;4565
1.0;0;0;71602;0
0.764;25150;20242;71637;4908
0.907;19633;18419;71638;1214
0.185;241521;90802;71691;150719
0.02;109353;13319;71720;96034
0.394;97480;47016;71735;50464
1.0;93543;93175;71740;368
0.0;0;0;71774;0
0.064;76634;29702;71797;46932
0.439;191515;107650;71822;83865
1.0;2791;2791;71880;0
0.0;0;0;71993;0
0.336;75372;51945;71995;23427
0.348;4845;2182;72014;2663
0.0;0;0;72061;0
0.231;132556;77625;72068;54931
0.333;164043;70375;72081;93668
0.575;49948;18558;72109;31390
0.0;0;0;72110;0
0.496;85307;53159;72151;32148
0.0;0;0;72162;0
0.564;121313;76428;72180;44885
0.91;9134;6646;72216;2488
0.298;187755;121669;72272;66086
0.392;273782;129204;72279;144578
0.0;0;0;72282;0
0.583;216111;145065;72301;71046
0.264;120359;48112;72310;72247
0.0;0;0;72363;0
0.874;50858;37928;72433;12930
0.64;41156;35571;72460;5585
0.357;68438;34797;72466;33641
0.0;0;0;72502;0
0.142;42788;14116;72518;28672
0.408;149960;69905;72531;80055
0.428;134294;59987;72568;74307
0.368;207111;100803;72591;106308
0.387;93029;44878;72595;48151
0.306;102807;32911;72598;69896
0.208;283043;102523;72599;180520
0.671;73541;52067;72616;21474
0.596;199579;132566;72626;67013
0.558;126305;79836;72632;46469
0.593;50262;24094;72654;26168
0.303;81493;54901;72671;26592
0.235;233037;80155;72677;152882
1.0;14789;14641;72791;148
0.042;60116;12431;72810;47685
0.167;243558;69365;72828;174193
0.141;317664;83026;72849;234638
0.0;0;0;72868;0
0.251;196374;75688;72924;120686
0.0;0;0;72932;0
0.0;0;0;72944;0
0.338;133512;48257;72945;85255
0.975;172823;93237;72955;79586
0.0;0;0;72959;0
0.838;65912;63084;72966;2828
0.0;0;0;72971;0
0.093;39104;21543;72979;17561
0.541;216044;88414;73059;127630
0.11;185721;65483;73096;120238
0.439;113609;50709;73104;62900
0.105;219907;55382;73124;164525
0.0;0;0;73164;0
0.057;40182;17066;73175;23116
0.188;35731;18539;73182;17192
0.891;14054;8077;73187;5977
0.297;990852;298850;73200;692002
0.624;9344;8822;73223;522
0.128;143345;54396;73224;88949
1.0;3516;3516;73257;0
0.407;60681;42752;73299;17929
0.378;465557;232898;73318;232659
0.0;0;0;73324;0
0.314;62639;21705;73327;40934
0.261;396244;150469;73362;245775
0.394;116727;65759;73375;50968
0.591;100330;73222;73386;27108
0.475;303065;172632;73417;130433
0.0;0;0;73438;0
0.0;0;0;73475;0
0.369;45468;35507;73479;9961
0.0;0;0;73490;0
0.0;0;0;73491;0
0.0;0;0;73503;0
0.0;0;0;73538;0
0.428;37229;33109;73568;4120
0.109;204653;90437;73575;114216
0.0;0;0;73602;0
0.315;384816;131069;73647;253747
0.138;88708;37590;73677;51118
0.422;22065;18155;73706;3910
0.167;12798;2157;73714;10641
0.562;92326;74888;73716;17438
0.479;71928;27691;73727;44237
0.203;104567;29471;73764;75096
0.0;0;0;73811;0
0.34;177850;116334;73815;61516
0.99;109285;81098;73846;28187
0.0;0;0;73851;0
0.234;718808;264182;73854;454626
0.0;0;0;73859;0
0.307;82853;55475;73861;27378
0.581;27221;16328;73862;10893
0.103;86764;33967;73869;52797
0.235;568889;204850;73871;364039
0.274;208255;90787;73888;117468
0.087;71670;21108;73901;50562
0.0;0;0;73942;0
0.04;79533;30207;73966;49326
0.166;83700;41032;73985;42668
0.394;47243;24268;73987;22975
0.385;41759;15956;74004;25803
0.237;107243;46196;74009;61047
0.0;0;0;74041;0
0.164;565418;142668;74051;422750
1.0;1729;1729;74077;0
0.931;82455;62859;74084;19596
0.0;0;0;74116;0
0.371;988899;303889;74125;685010
0.159;52306;15380;74130;36926
0.535;41208;23703;74139;17505
0.597;57129;43141;74234;13988
0.821;6857;2291;74263;4566
1.0;173;173;74266;0
0.22;543274;191912;74273;351362
0.837;37412;35640;74285;1772
0.431;87113;55838;74347;31275
0.0;0;0;74370;0
0.303;689957;246156;74386;443801
0.195;126211;47190;74439;79021
0.444;183117;143323;74440;39794
0.082;24507;12396;74452;12111
0.111;48204;19310;74457;28894
1.0;1743;1743;74461;0
0.233;127748;64404;74487;63344
0.297;651165;284126;74508;367039
0.452;104760;82302;74522;22458
0.0;0;0;74543;0
0.265;113206;46107;74559;67099
0.329;98261;79099;74561;19162
0.0;0;0;74576;0
0.172;55769;21841;74584;33928
0.184;260858;55051;74599;205807
0.334;126408;49711;74615;76697
0.0;0;0;74621;0
0.0;0;0;74636;0
0.056;2774;0;74640;2774
0.0;0;0;74643;0
0.853;5127;4427;74669;700
0.212;87728;28749;74671;58979
0.189;11900;9264;74677;2636
0.042;149942;35683;74681;114259
0.0;0;0;74718;0
0.0;0;0;74719;0
0.071;52719;25062;74746;27657
0.376;356706;166575;74776;190131
0.301;242592;152042;74779;90550
0.606;195358;96776;74784;98582
0.0;0;0;74792;0
0.0;0;0;74818;0
0.463;129115;72238;74846;56877
0.0;0;0;74867;0
0.082;28320;9875;74872;18445
0.196;130338;40045;74874;90293
0.0;0;0;74884;0
0.0;0;0;74896;0
0.473;48047;20805;74916;27242
0.339;17048;7431;74922;9617
0.313;101751;63753;74933;37998
0.345;148327;54687;74956;93640
0.0;0;0;74965;0
0.031;308757;104340;74968;204417
0.123;120662;32185;74969;88477
0.0;0;0;74971;0
0.0;0;0;74972;0
0.288;80696;22777;75010;57919
0.0;0;0;75025;0
0.293;165210;87559;75026;77651
0.0;0;0;75027;0
0.332;214882;135709;75030;79173
1.0;20715;20715;75036;0
0.311;441013;245103;75043;195910
0.166;227611;104298;75048;123313
0.461;195920;91297;75058;104623
0.29;82942;35308;75069;47634
0.367;83890;32935;75071;50955
0.146;394772;95787;75084;298985
0.702;103992;65087;75087;38905
0.0;0;0;75114;0
0.554;120119;75156;75127;44963
0.35;36397;30586;75148;5811
0.278;44353;20456;75202;23897
0.142;54649;29791;75212;24858
0.487;271399;151377;75219;120022
0.443;492149;140309;75230;351840
0.521;181168;72864;75285;108304
0.692;28804;19009;75293;9795
0.0;0;0;75337;0
0.0;0;0;75342;0
0.0;0;0;75344;0
0.123;225798;43559;75360;182239
0.233;672112;193497;75364;478615
0.318;60870;42595;75368;18275
0.0;0;0;75382;0
0.0;0;0;75387;0
1.0;5037;5037;75394;0
0.0;0;0;75412;0
0.35;19262;14388;75418;4874
0.089;172755;45709;75419;127046
0.32;607187;204285;75428;402902
0.465;32298;24941;75441;7357
0.398;51598;28458;75442;23140
0.211;411578;153447;75446;258131
0.404;82041;44175;75450;37866
0.143;242765;136476;75458;106289
0.216;384564;141238;75469;243326
0.356;184709;111052;75474;73657
0.728;47089;31224;75477;15865
1.0;4424;4424;75478;0
0.118;80319;10812;75484;69507
0.0;0;0;75486;0
0.385;57494;37237;75487;20257
1.0;6217;6217;75505;0
0.259;59217;25982;75514;33235
0.599;35294;22660;75521;12634
1.0;1325;1325;75527;0
0.277;74371;39921;75529;34450
0.065;101541;26080;75537;75461
0.0;0;0;75549;0
0.552;78874;43314;75553;35560
0.0;0;0;75559;0
1.0;1496;1496;75560;0
0.333;83586;41328;75568;42258
1.0;826;826;75585;0
0.782;18092;14610;75586;3482
0.0;0;0;75589;0
0.0;0;0;75593;0
0.576;245568;175920;75605;69648
0.0;0;0;75611;0
0.369;66403;29428;75619;36975
0.0;0;0;75621;0
0.158;31291;10043;75629;21248
0.266;152066;61341;75638;90725
0.075;620089;202936;75653;417153
0.432;536936;274036;75661;262900
0.608;38100;24868;75689;13232
0.139;74935;31716;75704;43219
0.0;0;0;75727;0
0.233;17045;13115;75732;3930
0.17;535360;222913;75736;312447
0.0;0;0;75761;0
0.248;37333;18297;75768;19036
0.137;20031;14086;75780;5945
0.851;42233;29271;75799;12962
0.15;102010;47341;75823;54669
0.076;160083;53933;75827;106150
0.263;351052;80697;75849;270355
1.0;7883;7883;75904;0
0.05;57223;12473;75971;44750
0.308;925653;414849;75990;510804
0.749;23440;22260;75991;1180
0.0;0;0;76007;0
0.203;37039;17622;76037;19417
0.0;0;0;76047;0
0.0;0;0;76077;0
0.509;27224;11678;76123;15546
0.969;37709;22106;76129;15603
0.336;280214;68374;76132;211840
0.177;143207;35076;76149;108131
0.098;97819;54764;76160;43055
0.141;439467;91335;76162;348132
0.157;59554;21335;76168;38219
0.099;61061;4566;76182;56495
0.0;0;0;76189;0
0.278;106490;51897;76197;54593
0.0;0;0;76253;0
0.0;0;0;76267;0
0.145;146207;47087;76282;99120
0.0;0;0;76317;0
0.161;4204;2635;76348;1569
0.0;0;0;76393;0
0.164;115241;67280;76470;47961
0.22;806825;223197;76475;583628
0.0;0;0;76480;0
0.0;0;0;76520;0
0.0;0;0;76548;0
0.263;431262;185397;76574;245865
0.474;268712;154240;76604;114472
0.0;0;0;76627;0
1.0;17799;17799;76628;0
0.874;113241;66924;76632;46317
0.0;0;0;76633;0
1.0;0;0;76641;0
0.574;111556;44751;76646;66805
0.056;65149;16306;76654;48843
0.155;393339;113682;76685;279657
0.277;6049;5008;76703;1041
0.709;138325;76619;76719;61706
1.0;899;899;76784;0
0.0;0;0;76791;0
0.392;238246;88443;76852;149803
0.166;539007;123097;76855;415910
0.227;643666;198512;76865;445154
0.252;129040;73727;76872;55313
0.301;39816;33042;76878;6774
0.724;99682;51103;76888;48579
0.753;101162;62536;76895;38626
0.152;429632;112468;76910;317164
0.71;170916;107915;76918;63001
0.0;0;0;76922;0
0.372;895085;336634;76930;558451
0.248;467804;155828;76937;311976
0.194;354719;179482;76943;175237
0.979;195728;122929;76951;72799
0.336;160379;114140;76954;46239
0.135;181757;44269;76987;137488
0.069;139546;51886;77009;87660
0.109;92587;50234;77018;42353
0.162;47030;24185;77029;22845
0.201;408730;174745;77040;233985
1.0;20744;20744;77042;0
0.336;481533;253028;77055;228505
0.357;34361;11868;77067;22493
0.214;310998;65819;77073;245179
0.0;0;0;77077;0
0.402;95114;45330;77088;49784
0.0;0;0;77089;0
0.219;127089;42584;77117;84505
0.413;292631;131294;77130;161337
0.199;43812;19555;77157;24257
0.038;39133;16501;77158;22632
0.56;164095;118944;77171;45151
0.492;6883;4302;77173;2581
0.337;319313;197162;77204;122151
0.178;37444;20343;77211;17101
0.386;145870;59949;77227;85921
0.316;257082;124088;77282;132994
0.691;110217;47348;77285;62869
0.397;167998;90223;77309;77775
0.0;0;0;77314;0
0.427;72058;13429;77315;58629
0.0;0;0;77323;0
0.769;158708;118040;77349;40668
0.255;424583;129441;77353;295142
0.525;7549;6295;77368;1254
0.0;0;0;77372;0
0.435;16413;13491;77391;2922
0.0;0;0;77414;0
0.545;40484;22910;77418;17574
0.0;0;0;77441;0
0.136;469288;174340;77471;294948
0.153;248185;56576;77476;191609
0.0;0;0;77521;0
0.0;0;0;77551;0
0.0;0;0;77577;0
0.256;927812;322379;77585;605433
0.391;925354;270659;77590;654695
0.263;140747;61216;77591;79531
0.273;12281;5030;77615;7251
1.0;0;0;77620;0
0.0;0;0;77634;0
0.216;101756;40497;77639;61259
0.0;0;0;77653;0
0.803;144815;100467;77657;44348
0.542;509627;328432;77664;181195
0.581;164468;106482;77669;57986
0.11;370640;147099;77671;223541
1.0;6217;6217;77887;0
0.048;75409;13851;77897;61558
0.255;471613;121101;77909;350512
0.167;784;589;77936;195
0.236;27174;7285;77970;19889
0.0;0;0;77990;0
0.0;0;0;77997;0
1.0;2906;2906;78005;0
0.397;219827;125542;78015;94285
0.207;379444;197754;78019;181690
0.261;236445;109717;78030;126728
0.475;15625;10754;78044;4871
1.0;519;519;78058;0
0.143;595704;191660;78061;404044
0.919;30277;20566;78064;9711
0.345;396554;195555;78090;200999
0.636;126741;71536;78105;55205
0.992;9896;9762;78126;134
0.0;0;0;78131;0
0.949;69227;63547;78136;5680
1.0;3873;3872;78251;1
0.002;113911;0;78292;113911
0.0;0;0;78312;0
0.462;40967;35631;78324;5336
0.784;119536;104274;78338;15262
0.37;281620;130318;78368;151302
0.0;0;0;78372;0
0.0;0;0;78375;0
0.433;212678;136472;78419;76206
0.501;250353;172150;78463;78203
0.037;33686;11938;78480;21748
0.496;520938;291040;78482;229898
0.197;29770;9912;78489;19858
0.0;0;0;78510;0
0.0;0;0;78514;0
0.304;261430;74916;78539;186514
0.61;209994;89517;78571;120477
1.0;0;0;78573;0
0.0;0;0;78574;0
0.0;0;0;78576;0
0.0;0;0;78588;0
0.631;25369;21453;78589;3916
0.029;75582;19346;78593;56236
0.0;0;0;78601;0
0.341;37451;12876;78604;24575
0.495;111581;52267;78657;59314
0.925;30341;26344;78670;3997
0.278;109519;66578;78786;42941
0.733;14209;12973;78794;1236
0.424;738583;329761;78796;408822
0.334;1401457;418757;78801;982700
0.34;216302;83443;78814;132859
0.0;0;0;78817;0
0.0;0;0;78820;0
1.0;415;415;78824;0
0.0;0;0;78841;0
0.0;0;0;78845;0
0.212;59423;35495;78848;23928
0.585;138214;44531;78849;93683
0.0;0;0;78850;0
0.973;145122;108504;78851;36618
1.0;0;0;78853;0
0.259;1087350;283332;78856;804018
0.0;0;0;78858;0
0.431;590260;278040;78893;312220
0.208;178322;57789;78895;120533
0.179;88212;7732;78904;80480
0.155;265271;72476;78972;192795
0.406;286988;109997;79011;176991
0.0;0;0;79027;0
0.363;178432;49256;79029;129176
1.0;0;0;79032;0
1.0;0;0;79044;0
1.0;1876;1876;79052;0
0.259;654371;172325;79059;482046
0.236;71153;39386;79061;31767
0.4;582838;257014;79088;325824
0.51;298615;73603;79099;225012
0.213;298065;156840;79107;141225
0.0;0;0;79109;0
0.397;121999;72099;79111;49900
0.802;9081;8369;79142;712
0.818;108174;74785;79168;33389
0.299;534451;216255;79209;318196
0.555;324441;181892;79221;142549
0.0;0;0;79253;0
0.275;7463;4159;79282;3304
0.188;504285;128206;79299;376079
0.0;0;0;79329;0
0.0;0;0;79355;0
0.293;595193;189442;79427;405751
0.316;177683;88957;79428;88726
0.206;99160;45142;79442;54018
0.1;190981;68192;79445;122789
0.444;4081;3093;79453;988
0.988;18469;17925;79475;544
0.0;0;0;79504;0
0.61;181148;80086;79510;101062
0.341;118046;56847;79524;61199
0.389;166580;87390;79533;79190
0.159;139495;30511;79558;108984
0.182;716;24;79571;692
0.187;33975;13683;79585;20292
0.238;263071;98235;79598;164836
0.329;115201;43511;79636;71690
0.249;372836;147491;79641;225345
0.0;0;0;79649;0
0.519;73603;37586;79667;36017
0.801;20789;12332;79669;8457
1.0;25054;25054;79684;0
0.0;0;0;79685;0
0.256;54027;19822;79696;34205
0.343;200047;60526;79709;139521
0.52;76198;49765;79715;26433
0.239;364507;104949;79717;259558
0.0;0;0;79720;0
0.552;218579;76570;79725;142009
0.0;0;0;79728;0
0.428;132839;75293;79751;57546
0.421;185254;97441;79765;87813
0.847;47736;22129;79767;25607
0.708;169714;123694;79787;46020
0.667;82341;43508;79810;38833
0.0;0;0;79825;0
0.186;303924;91080;79831;212844
0.0;0;0;79836;0
0.666;159973;68755;79842;91218
0.0;0;0;79852;0
0.867;100288;78308;79857;21980
0.252;492688;162161;79924;330527
0.0;0;0;79963;0
0.622;13622;12618;79989;1004
0.143;67602;33630;79990;33972
0.519;67276;33908;79991;33368
0.177;776426;219408;80014;557018
0.388;420821;235330;80019;185491
0.44;44488;33373;80035;11115
1.0;9879;9879;80059;0
0.166;53192;6913;80061;46279
0.07;5931;4840;80066;1091
0.111;4376;0;80072;4376
0.0;0;0;80089;0
0.159;151788;84536;80090;67252
0.015;8907;4500;80161;4407
0.462;81184;59763;80171;21421
0.0;0;0;80266;0
0.557;140676;108067;80293;32609
0.33;153157;85200;80297;67957
0.151;218458;37445;80302;181013
0.137;416569;88699;80305;327870
0.149;429031;89619;80313;339412
0.265;81773;29995;80321;51778
0.609;95431;18686;80327;76745
0.455;506557;231678;80334;274879
0.157;223015;79732;80358;143283
0.219;313624;161535;80365;152089
0.251;57102;36684;80371;20418
0.0;0;0;80377;0
0.0;0;0;80405;0
0.346;193962;127387;80434;66575
0.34;354144;151327;80440;202817
0.127;24282;2646;80450;21636
0.132;184156;68144;80473;116012
0.0;0;0;80517;0
0.239;25613;15352;80548;10261
0.333;179166;125015;80549;54151
0.314;149095;90588;80551;58507
0.0;0;0;80552;0
0.0;0;0;80556;0
0.659;122910;99441;80568;23469
0.282;262478;71639;80571;190839
0.0;0;0;80575;0
0.0;0;0;80585;0
0.19;220452;113332;80587;107120
0.327;310175;140336;80590;169839
0.442;37061;32557;80616;4504
0.681;22864;14213;80642;8651
0.349;107767;85429;80658;22338
0.269;943594;243010;80665;700584
0.0;0;0;80692;0
0.137;48768;21779;80694;26989
0.338;663115;253138;80705;409977
0.162;86398;30418;80711;55980
0.332;152617;100195;80764;52422
0.0;0;0;80797;0
0.275;143066;23747;80823;119319
0.416;176501;80061;80866;96440
0.925;16318;13338;80869;2980
0.323;84554;43029;80874;41525
0.352;1647346;456676;80885;1190670
0.496;152748;75351;80894;77397
0.161;102096;51152;80911;50944
0.231;1171758;481784;80917;689974
0.424;414790;215364;80925;199426
0.523;17255;15842;80941;1413
1.0;1466;1466;80980;0
0.146;590961;128998;81002;461963
0.288;449440;117275;81009;332165
0.178;182294;50804;81015;131490
0.207;518786;167642;81034;351144
0.552;13882;13456;81066;426
0.023;6616;0;81155;6616
0.053;775;0;81228;775
0.0;0;0;81229;0
0.0;0;0;81230;0
0.732;114207;90285;81240;23922
0.485;103264;95543;81288;7721
0.268;51533;20744;81306;30789
0.0;0;0;81336;0
0.352;308130;130628;81342;177502
1.0;2024;2024;81348;0
0.0;0;0;81382;0
0.383;359492;123007;81390;236485
0.0;0;0;81405;0
0.23;115644;56436;81417;59208
0.172;70301;38435;81427;31866
0.596;65630;48671;81432;16959
0.0;0;0;81434;0
0.977;4182;3639;81452;543
0.2;209561;110629;81454;98932
0.22;307530;126082;81463;181448
1.0;42330;28567;81490;13763
0.168;100586;32648;81520;67938
0.237;49002;26033;81566;22969
0.0;0;0;81570;0
0.279;121668;97652;81610;24016
0.0;0;0;81618;0
0.356;35691;17665;81619;18026
0.28;81764;35975;81667;45789
0.484;294068;119656;81685;174412
0.0;0;0;81743;0
0.846;9884;8325;81751;1559
0.0;0;0;81755;0
0.547;146477;93781;81757;52696
0.147;751060;232806;81763;518254
0.0;0;0;81797;0
0.065;65910;12866;81805;53044
0.523;25949;17447;81833;8502
0.0;0;0;81857;0
0.0;0;0;81872;0
0.261;437666;138871;81906;298795
0.0;0;0;81909;0
0.0;0;0;81924;0
0.158;77854;46713;82004;31141
0.488;330312;201993;82009;128319
0.951;27186;22801;82027;4385
0.11;56040;20999;82035;35041
0.767;30318;26072;82069;4246
0.323;1403486;341068;82085;1062418
0.159;131955;62954;82094;69001
0.0;0;0;82157;0
0.388;28488;12678;82169;15810
0.487;72273;52662;82186;19611
0.659;50730;37028;82219;13702
0.147;423948;111618;82241;312330
0.0;0;0;82245;0
0.431;273031;137669;82276;135362
1.0;79183;76753;82281;2430
0.342;133304;75631;82311;57673
0.362;62767;34634;82342;28133
0.0;0;0;82360;0
0.721;25678;16520;82361;9158
0.818;9145;8629;82363;516
0.603;394248;256214;82408;138034
0.092;480197;91332;82435;388865
0.226;22888;17884;82450;5004
0.0;0;0;82465;0
1.0;20913;20913;82487;0
0.372;410239;198083;82493;212156
0.167;437108;78284;82497;358824
0.236;278096;81812;82539;196284
0.623;40271;19527;82544;20744
0.282;47307;22993;82550;24314
0.236;122955;41879;82605;81076
0.47;235956;176796;82606;59160
0.561;6505;2053;82620;4452
0.399;56117;35892;82626;20225
0.3;132541;80694;82641;51847
0.243;885490;396948;82672;488542
1.0;3568;3568;82707;0
1.0;2291;2291;82708;0
0.243;144614;78023;82745;66591
0.108;92740;38985;82806;53755
0.131;553376;106606;82813;446770
0.499;92007;59883;82818;32124
0.336;230977;110866;82825;120111
0.491;257010;184030;82841;72980
0.616;95130;43349;82858;51781
0.275;422904;185774;82908;237130
0.0;0;0;82912;0
0.639;20127;19056;82917;1071
0.379;90591;61636;82920;28955
1.0;15912;9294;82939;6618
0.0;0;0;82943;0
1.0;13764;13419;82946;345
0.252;90479;56295;82965;34184
0.071;330608;101069;83017;229539
0.32;77635;59265;83019;18370
1.0;959;959;83020;0
0.295;213397;108602;83023;104795
0.263;185304;121566;83042;63738
0.0;0;0;83046;0
0.155;729305;186309;83056;542996
0.343;480233;246651;83079;233582
0.42;297690;206763;83084;90927
0.0;0;0;83097;0
0.0;0;0;83122;0
0.0;0;0;83124;0
0.423;205284;83759;83188;121525
0.352;416746;179391;83197;237355
0.0;0;0;83206;0
0.413;165856;111594;83226;54262
0.578;45117;27319;83240;17798
0.334;151290;114329;83255;36961
0.0;0;0;83270;0
0.275;242012;114674;83271;127338
0.182;184745;71589;83292;113156
0.188;19828;10429;83302;9399
0.271;2838;2784;83312;54
0.428;81162;41094;83329;40068
0.0;0;0;83348;0
0.515;87762;66130;83351;21632
0.0;0;0;83353;0
1.0;0;0;83369;0
0.0;0;0;83414;0
0.626;61176;55849;83416;5327
0.0;0;0;83420;0
0.0;0;0;83466;0
1.0;13241;13241;83482;0
0.222;344884;54967;83499;289917
0.25;23116;16585;83509;6531
0.28;888964;192033;83590;696931
0.143;17352;11586;83608;5766
0.328;462126;233920;83609;228206
0.0;0;0;83650;0
1.0;0;0;83673;0
0.191;59415;41922;83674;17493
0.088;72986;37468;83694;35518
0.233;579123;174781;83709;404342
0.0;0;0;83712;0
0.075;207193;73983;83740;133210
0.0;0;0;83748;0
0.171;74618;6360;83753;68258
1.0;49874;30489;83762;19385
0.0;0;0;83771;0
0.0;0;0;83787;0
0.0;0;0;83806;0
0.0;0;0;83811;0
0.329;196349;160498;83820;35851
0.445;199384;125012;83845;74372
0.475;123050;64527;83846;58523
0.41;367718;147719;83869;219999
0.221;221376;132640;83874;88736
0.0;0;0;83879;0
0.0;0;0;83907;0
0.511;38938;28882;83921;10056
0.067;88701;39585;83948;49116
0.116;154917;70371;83973;84546
0.922;11529;10441;83993;1088
0.358;21913;17955;84042;3958
0.27;206804;78197;84044;128607
1.0;3174;3174;84161;0
0.381;67541;25864;84187;41677
0.834;17310;15474;84212;1836
1.0;5311;5311;84243;0
0.302;68763;32552;84501;36211
0.111;509022;110406;84523;398616
0.281;57312;30581;84528;26731
1.0;9521;4986;84559;4535
1.0;24759;11505;84615;13254
0.067;174760;32306;84637;142454
0.0;0;0;84656;0
0.978;39133;25814;84684;13319
0.0;0;0;84687;0
0.608;19449;6217;84690;13232
0.478;83586;56200;84701;27386
0.115;353798;102877;84729;250921
0.333;519434;251711;84739;267723
0.13;398130;142829;84771;255301
0.0;0;0;84790;0
0.0;0;0;84805;0
0.687;64549;42824;84849;21725
0.314;45967;12593;84863;33374
0.721;10132;3516;84908;6616
0.165;143271;44347;84939;98924
0.0;0;0;84970;0
0.255;981693;279929;84977;701764
0.161;134267;50753;84992;83514
0.099;66484;32479;85026;34005
0.0;0;0;85032;0
0.725;21615;13911;85065;7704
0.421;9646;8382;85113;1264
0.186;30874;7618;85123;23256
1.0;0;0;85157;0
0.605;19494;9153;85166;10341
0.142;68129;20152;85168;47977
0.34;118471;79034;85174;39437
0.0;0;0;85370;0
0.0;0;0;85441;0
0.246;111716;62611;85527;49105
0.0;0;0;85559;0
0.395;202571;83120;85579;119451
0.303;359639;180361;85613;179278
0.107;151474;41358;85624;110116
0.296;399135;224092;85632;175043
0.002;85771;0;85638;85771
0.415;229391;94759;85639;134632
0.327;677589;299789;85646;377800
0.0;0;0;85669;0
0.18;528331;193282;85673;335049
0.0;0;0;85722;0
0.753;5831;5749;85740;82
0.68;175554;114655;85742;60899
0.195;345807;142071;85786;203736
0.409;117131;49160;85798;67971
0.513;8692;7214;85802;1478
0.0;0;0;85898;0
0.054;113878;40031;85960;73847
0.367;269288;122046;85981;147242
0.431;17779;10237;85987;7542
0.556;3248;2919;86050;329
0.385;45005;35407;86200;9598
0.145;92564;39206;86244;53358
0.243;57081;35654;86253;21427
1.0;18676;18675;86274;1
0.0;0;0;86282;0
0.118;312185;101455;86285;210730
0.474;90441;48633;86295;41808
0.027;11412;6459;86324;4953
0.0;0;0;86333;0
0.0;0;0;86335;0
0.475;847920;390627;86336;457293
0.0;0;0;86339;0
0.415;332621;164695;86372;167926
0.298;386994;162616;86374;224378
0.376;218991;128710;86375;90281
0.122;22413;11480;86381;10933
0.181;77350;35421;86384;41929
0.0;0;0;86387;0
0.0;0;0;86398;0
0.199;198927;125759;86403;73168
0.0;0;0;86404;0
0.0;0;0;86416;0
0.609;423290;153298;86424;269992
0.126;343712;126720;86452;216992
0.098;39625;1818;86463;37807
0.19;68794;29274;86545;39520
1.0;19310;19310;86564;0
0.0;0;0;86582;0
0.448;365167;158054;86583;207113
0.0;0;0;86588;0
0.397;111168;38736;86609;72432
0.794;158488;115770;86623;42718
1.0;12869;12869;86638;0
0.354;126110;74459;86645;51651
0.08;49474;9359;86647;40115
0.804;35488;29244;86661;6244
0.63;26977;22282;86702;4695
0.0;0;0;86711;0
0.181;40810;17892;86722;22918
0.104;66038;17032;86748;49006
0.412;88681;38104;86813;50577
0.22;87147;22161;86828;64986
0.0;0;0;86837;0
0.403;339447;161737;86850;177710
0.566;154172;114904;86856;39268
0.145;48160;23614;86896;24546
1.0;8416;8416;86906;0
0.0;0;0;86909;0
0.137;37712;11325;86945;26387
0.971;25562;21894;86963;3668
0.023;65698;31720;86996;33978
0.554;10327;8989;87038;1338
0.0;0;0;87042;0
0.0;0;0;87043;0
0.205;29788;9853;87058;19935
0.0;0;0;87061;0
0.206;149917;56347;87098;93570
0.119;296616;95267;87103;201349
0.532;12922;11012;87111;1910
0.0;0;0;87193;0
0.0;0;0;87228;0
0.083;22577;1334;87295;21243
0.147;3918;311;87362;3607
1.0;4700;2820;87408;1880
0.0;0;0;87460;0
0.132;300206;90168;87490;210038
0.0;0;0;87538;0
0.489;67171;39914;87589;27257
0.088;199147;52432;87590;146715
0.0;0;0;87602;0
0.094;92697;24445;87620;68252
0.0;0;0;87644;0
0.083;38577;17124;87648;21453
0.258;15951;12770;87654;3181
0.636;102510;41340;87665;61170
0.403;70627;25754;87681;44873
0.397;34195;19551;87686;14644
0.165;58139;24760;87770;33379
1.0;0;0;87802;0
0.124;46044;8859;87803;37185
0.262;306960;134245;87805;172715
0.0;0;0;87806;0
0.708;55494;48542;87814;6952
0.422;207042;83824;87821;123218
0.638;122524;68634;87827;53890
0.0;0;0;87838;0
0.0;0;0;87869;0
0.0;0;0;87902;0
0.375;239436;175245;87908;64191
0.04;65717;17432;87927;48285
0.236;454826;152182;87930;302644
0.253;160538;81686;87956;78852
0.0;0;0;87962;0
0.429;220074;112630;88000;107444
1.0;7723;7723;88008;0
0.0;0;0;88035;0
0.306;74484;36174;88078;38310
0.0;0;0;88086;0
0.143;68351;25055;88099;43296
0.382;145122;121286;88109;23836
0.127;463341;101401;88117;361940
1.0;3980;3980;88121;0
0.16;424242;152817;88129;271425
0.175;255510;40671;88131;214839
0.103;572576;79395;88136;493181
0.313;124319;52743;88142;71576
0.286;209214;109001;88146;100213
0.44;67458;59058;88147;8400
1.0;14526;14180;88185;346
0.0;0;0;88186;0
0.459;289042;170169;88193;118873
0.0;0;0;88225;0
0.721;155284;94144;88258;61140
0.722;82024;42391;88264;39633
0.309;36070;18561;88290;17509
0.0;0;0;88326;0
0.0;0;0;88343;0
0.485;106102;63709;88376;42393
0.213;390478;129059;88391;261419
1.0;1458;1458;88406;0
0.525;164291;101147;88414;63144
0.233;236773;85294;88420;151479
0.181;206940;92853;88459;114087
1.0;2274;2274;88462;0
0.0;0;0;88476;0
0.188;9236;5575;88506;3661
0.0;0;0;88523;0
0.0;0;0;88560;0
0.128;160526;82976;88609;77550
1.0;346;346;88613;0
0.627;71911;53592;88637;18319
0.456;201327;127975;88662;73352
0.418;304613;191766;88691;112847
0.269;51645;27514;88705;24131
0.423;73904;42784;88706;31120
0.375;652340;240308;88722;412032
0.313;111582;69190;88725;42392
0.191;42544;9740;88801;32804
0.374;716220;255590;88828;460630
0.735;71227;46456;88838;24771
0.243;710980;199711;88847;511269
0.203;145147;69848;88859;75299
0.0;0;0;88874;0
0.303;1033520;240182;88882;793338
0.115;68886;17240;88884;51646
0.113;177823;58003;88919;119820
0.173;93628;69269;88924;24359
0.077;51419;19411;88932;32008
0.287;53113;28462;88964;24651
0.0;0;0;88966;0
0.274;97641;59061;88977;38580
0.17;29689;13158;88980;16531
1.0;12181;12181;88999;0
0.573;183653;130853;89020;52800
0.135;214120;99289;89071;114831
0.222;217644;73525;89077;144119
0.45;30374;24389;89105;5985
0.339;43084;23410;89111;19674
0.228;89322;38607;89117;50715
0.0;0;0;89126;0
0.132;71386;9355;89136;62031
0.69;112465;81497;89158;30968
0.413;60325;39025;89160;21300
0.265;19100;15803;89178;3297
0.751;44898;40407;89180;4491
0.257;39468;32128;89197;7340
0.0;0;0;89202;0
0.776;10523;7688;89205;2835
0.0;0;0;89213;0
0.016;239355;83768;89226;155587
0.404;387697;221260;89237;166437
0.435;94597;75709;89257;18888
0.0;0;0;89378;0
0.0;0;0;89381;0
0.321;10736;5118;89383;5618
0.677;5158;3862;89409;1296
0.073;16961;7080;89436;9881
0.224;579323;177430;89449;401893
0.552;2483;1680;89462;803
0.0;0;0;89531;0
0.135;631640;234336;89546;397304
0.124;228669;57900;89614;170769
0.621;20089;13250;89645;6839
0.436;285901;187663;89654;98238
0.473;22811;14658;89666;8153
0.194;225049;133452;89694;91597
0.659;108372;52648;89733;55724
0.058;108536;33297;89736;75239
0.287;298619;86607;89737;212012
0.304;1112478;371408;89754;741070
0.298;233064;93895;89765;139169
0.18;267249;125928;89791;141321
0.153;12919;8624;89792;4295
0.0;0;0;89812;0
0.815;63298;55521;89831;7777
0.308;491178;148468;89837;342710
0.122;147817;34378;89839;113439
0.724;112519;30659;89842;81860
0.186;199192;99866;89850;99326
0.374;260934;157456;89854;103478
0.0;0;0;89865;0
0.183;107433;67252;89868;40181
0.0;0;0;89874;0
0.081;178352;47045;89875;131307
0.734;15579;9836;89876;5743
0.29;362419;132225;89882;230194
1.0;7877;7878;89889;1
0.0;0;0;89893;0
0.421;55346;39703;89901;15643
0.0;0;0;89908;0
0.328;28136;21783;89921;6353
0.0;0;0;89929;0
0.212;4793;3537;89931;1256
0.237;398418;145291;89940;253127
1.0;9387;9387;89944;0
0.326;409476;166362;89947;243114
0.0;0;0;89955;0
0.52;36888;25814;90004;11074
0.729;102416;48823;90026;53593
0.0;0;0;90077;0
0.0;0;0;90103;0
0.0;0;0;90167;0
0.833;151830;116735;90177;35095
0.274;60787;26861;90241;33926
0.0;0;0;90252;0
0.0;0;0;90258;0
0.515;37786;29664;90279;8122
0.0;0;0;90322;0
0.0;0;0;90353;0
0.465;51957;23561;90491;28396
0.13;103389;37436;90506;65953
0.645;235685;149913;90515;85772
0.236;95071;37319;90582;57752
0.212;145249;44142;90593;101107
0.194;301773;116073;90606;185700
0.0;0;0;90637;0
0.3;169933;51091;90776;118842
0.26;177034;68496;90859;108538
0.232;39332;6217;90886;33115
0.613;227833;138189;90916;89644
0.0;0;0;90941;0
0.0;0;0;90951;0
0.158;67085;3512;90969;63573
0.0;0;0;90974;0
0.146;32346;16641;90991;15705
0.03;34599;15293;90998;19306
0.0;0;0;91053;0
0.0;0;0;91206;0
0.235;13435;5488;91212;7947
0.323;40233;29944;91215;10289
0.113;61568;27789;91216;33779
0.0;0;0;91252;0
0.0;0;0;91267;0
0.223;84947;58758;91272;26189
0.182;1066;307;91282;759
1.0;775;775;91286;0
0.418;715671;328909;91288;386762
0.86;77217;44949;91294;32268
0.435;95705;43356;91295;52349
0.37;37957;29904;91299;8053
1.0;0;0;91306;0
0.658;303148;189473;91312;113675
0.828;154897;116303;91314;38594
0.0;0;0;91316;0
0.14;7277;4536;91317;2741
0.258;662199;249732;91325;412467
0.249;312146;170122;91341;142024
0.263;808893;307047;91343;501846
0.03;4831;0;91347;4831
0.425;319872;112040;91361;207832
0.356;715149;418335;91366;296814
0.276;194483;99439;91379;95044
0.171;83242;18040;91472;65202
0.0;0;0;91483;0
0.073;20478;15250;91484;5228
0.453;648064;310288;91537;337776
0.079;61456;11910;91544;49546
0.137;42153;21125;91546;21028
0.0;0;0;91547;0
0.511;17590;14071;91549;3519
0.709;120106;80134;91566;39972
0.225;95795;34123;91568;61672
0.144;162385;74103;91571;88282
0.139;247069;68248;91585;178821
0.215;663436;207373;91586;456063
1.0;19362;19249;91590;113
0.17;147625;35466;91597;112159
0.429;131506;69546;91603;61960
0.246;760295;278303;91613;481992
0.078;5640;3763;91619;1877
0.0;0;0;91625;0
0.0;0;0;91628;0
0.234;39617;29375;91649;10242
0.0;0;0;91661;0
0.871;32078;25298;91671;6780
0.0;0;0;91678;0
0.0;0;0;91726;0
0.295;157819;63680;91742;94139
0.418;63408;29199;91754;34209
0.246;22845;14017;91756;8828
0.055;162910;67942;91783;94968
0.0;0;0;91787;0
0.448;178851;129812;91796;49039
0.016;74840;15650;91810;59190
0.236;173359;73150;91846;100209
0.268;89253;50013;91848;39240
0.666;128804;77651;91885;51153
0.497;46489;41635;91911;4854
0.679;11353;10386;91915;967
0.387;184802;136731;91959;48071
0.0;0;0;91970;0
0.736;38833;19993;91984;18840
0.514;119113;57322;91989;61791
0.0;0;0;92002;0
0.547;329599;212290;92140;117309
0.592;144708;109167;92151;35541
0.0;0;0;92207;0
0.358;111296;55852;92248;55444
0.172;124353;57080;92289;67273
0.774;11512;9253;92401;2259
0.043;67963;17266;92431;50697
0.339;78943;37686;92439;41257
0.221;25951;15186;92472;10765
0.0;0;0;92518;0
1.0;0;0;92522;0
0.0;0;0;92536;0
0.467;857298;319489;92540;537809
0.19;271431;109379;92559;162052
0.336;313888;131788;92579;182100
0.797;116103;93362;92585;22741
0.0;0;0;92599;0
0.0;0;0;92643;0
0.268;18980;15979;92669;3001
0.648;227704;139347;92671;88357
0.158;434480;218267;92706;216213
0.096;97914;33493;92714;64421
0.388;182702;91011;92734;91691
0.132;90754;30450;92753;60304
1.0;0;0;92757;0
0.215;373404;156719;92776;216685
0.0;0;0;92783;0
0.435;222979;168773;92807;54206
0.424;320613;180212;92815;140401
0.875;13879;13278;92833;601
0.0;0;0;92836;0
0.381;10761;9377;92838;1384
0.496;230636;97819;92840;132817
0.453;60096;42382;92851;17714
0.0;0;0;92853;0
0.312;33521;16375;92863;17146
0.111;863;0;92870;863
0.0;0;0;92888;0
0.449;20456;17112;92932;3344
0.913;9810;5244;92945;4566
0.264;9798;5938;92958;3860
0.0;0;0;92978;0
0.26;93849;63253;92980;30596
0.398;433676;226417;93023;207259
0.279;202994;80337;93088;122657
0.021;19110;9203;93126;9907
0.0;0;0;93134;0
0.028;41592;13966;93144;27626
0.369;644237;245026;93157;399211
0.246;15141;9495;93200;5646
0.0;0;0;93215;0
0.647;99973;55047;93225;44926
1.0;3946;3946;93245;0
0.138;130026;44288;93253;85738
0.0;0;0;93277;0
0.0;0;0;93284;0
0.726;5795;4609;93285;1186
0.952;14627;14059;93286;568
0.867;26290;24821;93304;1469
0.166;32238;20117;93329;12121
0.0;0;0;93336;0
0.0;0;0;93374;0
0.0;0;0;93404;0
0.0;0;0;93434;0
0.203;121064;45281;93444;75783
0.264;241072;112473;93446;128599
0.161;218155;50989;93450;167166
0.489;80348;62988;93462;17360
0.0;0;0;93476;0
0.333;137383;61549;93483;75834
0.594;318416;240469;93490;77947
0.16;95161;38428;93508;56733
0.753;9174;8112;93516;1062
0.243;152327;79577;93545;72750
0.323;140224;41386;93550;98838
0.709;109645;72654;93556;36991
0.42;140493;106488;93564;34005
0.305;160541;49990;93568;110551
0.293;189629;97532;93579;92097
0.347;342909;134873;93583;208036
0.0;0;0;93599;0
0.0;0;0;93608;0
0.136;68537;26342;93613;42195
0.349;843677;329445;93628;514232
0.0;0;0;93682;0
0.242;370783;132009;93742;238774
0.0;0;0;93771;0
0.807;21418;19039;93840;2379
0.037;21004;6077;93843;14927
0.0;0;0;93880;0
0.161;2671;1953;93927;718
0.0;0;0;93955;0
0.324;115135;59849;93984;55286
0.126;175258;49072;93996;126186
0.049;272220;53280;93999;218940
0.273;1164707;499431;94024;665276
0.522;34404;21211;94039;13193
0.406;37938;14199;94040;23739
0.272;126763;71399;94049;55364
0.292;461076;197117;94059;263959
0.0;0;0;94068;0
0.872;71079;56132;94076;14947
0.0;0;0;94077;0
0.347;101394;67187;94094;34207
0.097;83989;41051;94101;42938
0.08;175860;20154;94110;155706
0.218;305893;112185;94137;193708
0.84;47518;31860;94146;15658
0.212;165303;52427;94148;112876
0.326;161455;75966;94163;85489
0.093;334621;93314;94177;241307
0.13;136586;45160;94185;91426
0.108;6703;741;94193;5962
0.237;97286;33151;94195;64135
0.307;175388;91109;94213;84279
0.636;48330;25068;94215;23262
0.0;0;0;94220;0
0.0;0;0;94230;0
0.18;269755;62196;94254;207559
0.415;159473;125935;94262;33538
0.479;227448;138956;94279;88492
0.567;10433;8226;94280;2207
0.846;3741;2621;94282;1120
0.929;15843;11399;94285;4444
0.0;0;0;94290;0
0.232;52545;17600;94298;34945
0.29;371654;85947;94306;285707
0.378;3093;2396;94337;697
0.092;45469;27768;94370;17701
0.681;24964;17847;94373;7117
0.254;190462;80082;94403;110380
0.527;69398;59433;94408;9965
0.227;170240;45841;94414;124399
0.229;79190;39868;94419;39322
0.555;44479;12616;94423;31863
0.241;153488;71877;94427;81611
0.0;0;0;94461;0
0.339;61656;24268;94467;37388
0.163;86801;25675;94473;61126
0.0;0;0;94652;0
0.354;1140454;297672;94699;842782
0.285;88342;44083;94703;44259
0.407;175905;66539;94712;109366
0.0;0;0;94725;0
0.205;38616;18555;94734;20061
0.0;0;0;94741;0
0.0;0;0;94766;0
0.0;0;0;94774;0
0.3;292879;101534;94777;191345
0.0;0;0;94785;0
0.312;131464;65064;94808;66400
0.147;356036;144783;94811;211253
0.284;4247;3758;94814;489
0.123;428006;130481;94815;297525
0.168;399680;163889;94842;235791
0.165;39496;21504;94847;17992
0.169;84094;28035;94857;56059
0.37;643383;225294;94859;418089
0.109;102709;30813;94869;71896
0.359;1404829;383258;94881;1021571
0.342;9688;5892;94886;3796
0.042;116270;26294;94890;89976
0.0;0;0;94908;0
0.155;485478;173158;94919;312320
0.116;238103;54478;94923;183625
0.339;61715;29584;94928;32131
0.498;104843;83818;94935;21025
0.401;23332;13559;94953;9773
0.0;0;0;94964;0
0.0;0;0;94974;0
0.0;0;0;94985;0
0.634;51923;38342;94986;13581
0.149;24752;13531;94989;11221
0.788;7057;4809;94990;2248
0.01;11009;0;94991;11009
0.198;349846;121712;94995;228134
0.403;27734;8936;94997;18798
0.447;160313;95715;95000;64598
0.526;86539;75102;95007;11437
0.0;0;0;95036;0
1.0;173798;121607;95088;52191
0.923;34956;24594;95096;10362
0.217;256764;102225;95106;154539
0.182;885655;233225;95110;652430
0.0;0;0;95137;0
1.0;0;0;95144;0
0.0;0;0;95183;0
0.205;45297;17101;95194;28196
0.0;0;0;95197;0
0.0;0;0;95212;0
0.384;11057;9370;95215;1687
0.0;0;0;95262;0
0.356;37041;28918;95279;8123
0.091;126766;24975;95332;101791
0.696;123161;84654;95370;38507
0.0;0;0;95375;0
0.367;23665;16694;95381;6971
0.13;197506;61814;95386;135692
0.0;0;0;95401;0
0.0;0;0;95409;0
1.0;1771;1771;95413;0
0.319;297632;144103;95414;153529
0.186;133254;59373;95435;73881
1.0;10595;9291;95505;1304
0.0;0;0;95510;0
0.0;0;0;95551;0
0.0;0;0;95569;0
0.529;90774;74210;95578;16564
0.0;0;0;95602;0
0.039;63497;15933;95617;47564
1.0;0;0;95749;0
0.109;154199;29888;95759;124311
0.0;0;0;95789;0
0.02;9321;0;95806;9321
0.385;141866;82632;95815;59234
0.52;36137;20573;95819;15564
0.606;46605;36406;95835;10199
0.258;82522;50271;95842;32251
0.0;0;0;95983;0
0.244;169107;55209;96004;113898
0.329;93356;56198;96025;37158
0.279;98407;52457;96041;45950
0.688;29620;28110;96062;1510
1.0;4831;4831;96068;0
0.415;10440;5286;96094;5154
0.136;164079;30410;96105;133669
0.594;55014;35852;96119;19162
0.298;26888;11609;96131;15279
0.843;68294;63648;96155;4646
0.374;137399;85653;96179;51746
0.128;30188;19865;96184;10323
0.293;315364;143618;96191;171746
0.0;0;0;96237;0
0.186;202857;67532;96244;135325
0.153;169356;80024;96271;89332
0.282;120725;33185;96302;87540
0.0;0;0;96330;0
0.0;0;0;96334;0
0.194;215201;61652;96347;153549
0.638;39431;33727;96350;5704
0.253;284261;124993;96351;159268
0.0;0;0;96399;0
0.0;0;0;96428;0
0.309;80166;55671;96495;24495
0.0;0;0;96505;0
0.559;69036;47562;96507;21474
0.414;41551;27694;96567;13857
0.69;23995;18397;96604;5598
0.0;0;0;96611;0
1.0;0;0;96664;0
0.618;349243;179257;96695;169986
0.895;10357;5791;96709;4566
0.449;334411;163698;96752;170713
0.406;236147;81989;96756;154158
0.0;0;0;96758;0
0.38;294813;96777;96808;198036
0.0;0;0;96810;0
0.0;0;0;96833;0
0.642;5535;2810;96883;2725
0.0;0;0;96885;0
1.0;16427;16427;96926;0
0.244;28235;22124;96927;6111
0.46;102525;58333;96929;44192
0.192;76621;31299;96932;45322
0.313;248541;67956;96953;180585
0.0;0;0;96996;0
0.373;329155;210854;97054;118301
0.0;0;0;97068;0
0.07;218811;63548;97100;155263
0.324;21072;15187;97109;5885
0.387;32582;20584;97123;11998
0.0;0;0;97140;0
0.314;96953;30864;97143;66089
0.458;44366;16373;97151;27993
0.0;0;0;97164;0
0.034;29479;6830;97179;22649
0.0;0;0;97188;0
0.0;0;0;97232;0
0.0;0;0;97263;0
0.396;146728;74866;97264;71862
0.837;79614;45597;97278;34017
1.0;5060;1265;97292;3795
0.269;415693;203972;97298;211721
0.123;47515;12548;97301;34967
0.168;997848;248776;97310;749072
0.0;0;0;97333;0
0.094;134185;38547;97349;95638
0.0;0;0;97379;0
0.228;382992;136727;97394;246265
0.0;0;0;97430;0
0.514;89466;33191;97449;56275
0.415;112234;69460;97451;42774
0.287;871029;267393;97456;603636
0.333;212036;142606;97498;69430
0.504;470424;322893;97522;147531
0.295;36595;32951;97534;3644
0.3;632158;164078;97535;468080
0.163;8049;1597;97552;6452
0.0;0;0;97566;0
0.276;17594;14966;97589;2628
0.0;0;0;97599;0
0.0;0;0;97602;0
0.913;229185;121224;97620;107961
0.691;55234;47438;97626;7796
0.275;212798;130035;97642;82763
0.54;96259;60380;97646;35879
0.073;109813;36750;97652;73063
0.538;23678;11150;97707;12528
0.587;66086;54165;97714;11921
0.2;702998;179392;97716;523606
0.99;61990;47825;97730;14165
0.271;160844;66717;97744;94127
0.0;0;0;97746;0
0.384;68712;33873;97748;34839
0.304;100723;54155;97753;46568
0.265;564061;276339;97877;287722
0.0;0;0;97883;0
0.538;49020;33049;97891;15971
0.442;36639;21740;97898;14899
0.485;23556;16166;97930;7390
1.0;18575;18575;97936;0
0.263;10441;6708;97942;3733
0.453;18786;15512;97950;3274
1.0;0;0;97959;0
0.333;99634;56355;97966;43279
0.0;0;0;97973;0
0.236;274300;132262;97976;142038
0.0;0;0;97986;0
0.0;0;0;97991;0
0.125;1265;0;97996;1265
0.247;228530;158154;97997;70376
0.532;18247;13358;97999;4889
0.539;217791;157459;98007;60332
0.521;170464;125069;98022;45395
0.0;0;0;98028;0
0.578;103192;85505;98037;17687
0.185;20381;14851;98042;5530
0.0;0;0;98069;0
0.306;158431;90978;98087;67453
0.511;80490;60444;98112;20046
0.684;4732;3010;98136;1722
0.817;41226;36303;98154;4923
0.51;81142;62959;98158;18183
0.0;0;0;98176;0
0.0;0;0;98238;0
0.312;90094;63552;98254;26542
1.0;571;571;98270;0
0.412;142114;84878;98275;57236
0.347;24407;9912;98287;14495
0.34;131232;26025;98291;105207
0.505;106035;32484;98297;73551
0.0;0;0;98342;0
0.081;17833;10747;98398;7086
0.589;44344;19653;98443;24691
0.201;76205;28426;98448;47779
0.259;61548;40682;98473;20866
0.0;0;0;98495;0
0.118;128625;26788;98549;101837
0.229;310601;100556;98560;210045
0.425;167377;94659;98572;72718
0.215;54467;23771;98575;30696
0.353;108906;81746;98625;27160
0.0;0;0;98626;0
0.846;219060;140746;98643;78314
0.5;8565;2739;98648;5826
1.0;13094;13094;98652;0
0.321;171600;88214;98705;83386
0.0;0;0;98712;0
0.411;319344;169126;98720;150218
0.274;118098;73846;98775;44252
0.243;232235;93442;98802;138793
0.327;1013753;199139;98864;814614
0.0;0;0;98869;0
0.245;30567;21431;98876;9136
0.0;0;0;98894;0
0.138;237153;64884;98911;172269
0.085;126404;26890;99009;99514
1.0;13851;13851;99012;0
0.232;289685;188414;99013;101271
0.0;0;0;99017;0
0.121;527458;152174;99049;375284
0.728;43916;26048;99068;17868
0.31;101531;64978;99084;36553
0.407;28337;9334;99095;19003
0.306;76325;43760;99162;32565
0.235;94542;15504;99178;79038
0.122;26287;10934;99188;15353
0.307;64758;42943;99199;21815
0.478;85747;53434;99220;32313
0.191;421071;87680;99225;333391
0.331;106500;69408;99228;37092
0.107;161713;52548;99237;109165
0.239;86533;49359;99253;37174
0.368;111550;67952;99259;43598
0.226;24351;10477;99314;13874
0.172;333795;162192;99320;171603
0.0;0;0;99385;0
0.314;47323;11562;99430;35761
0.633;46513;28946;99511;17567
0.154;448340;95231;99539;353109
0.689;136245;85265;99609;50980
0.128;249014;80388;99619;168626
0.304;497743;169818;99658;327925
0.369;165020;90402;99667;74618
0.535;102985;65238;99704;37747
0.0;0;0;99709;0
0.176;108689;31433;99732;77256
0.0;0;0;99735;0
0.373;94513;45699;99737;48814
0.174;245529;84131;99743;161398
0.438;56557;46846;99749;9711
0.466;539150;192573;99799;346577
0.045;114181;37505;99804;76676
0.401;114829;81538;99876;33291
0.101;71182;24073;99905;47109
0.434;860890;138137;99923;722753
0.324;74017;37590;99938;36427
0.343;119667;77785;99948;41882
1.0;1702;1702;99957;0
0.294;122870;40512;99964;82358
0.249;410105;84313;99966;325792
0.0;0;0;99969;0
0.544;8082;3516;99978;4566
0.309;212545;123625;99983;88920
0.0;0;0;99992;0
0.491;75597;65951;100000;9646
0.326;73133;56029;100020;17104
0.235;672848;273889;100042;398959
0.0;0;0;100058;0
1.0;3869;1265;100070;2604
0.0;0;0;100160;0
0.068;46556;11017;100165;35539
0.0;0;0;100167;0
0.0;0;0;100572;0
0.053;174024;67942;100611;106082
0.387;334722;252643;100666;82079
0.019;27484;0;100670;27484
0.338;230916;139156;100671;91760
0.0;0;0;100686;0
0.435;535763;257314;100689;278449
0.943;59452;23159;100704;36293
1.0;34144;34144;100728;0
0.54;136410;81060;100735;55350
0.436;268835;157272;100755;111563
0.449;198078;152497;100781;45581
0.205;147431;92714;100783;54717
0.0;0;0;100826;0
0.0;0;0;100834;0
0.0;0;0;100850;0
0.109;79229;26904;100894;52325
0.0;0;0;100920;0
0.199;225754;83915;100923;141839
0.45;219194;121458;100933;97736
0.056;52371;20905;100951;31466
0.067;96905;36296;100954;60609
0.0;0;0;100967;0
0.5;11327;3100;100975;8227
0.111;106897;22936;100990;83961
0.025;13939;5015;101012;8924
1.0;14493;14493;101017;0
0.0;0;0;101030;0
0.358;994710;284571;101053;710139
0.0;0;0;101091;0
0.0;0;0;101252;0
0.0;0;0;101255;0
0.0;0;0;101269;0
0.0;0;0;101331;0
0.258;17257;7743;101341;9514
0.524;220518;147554;101348;72964
0.087;210826;77796;101359;133030
0.571;43120;20086;101366;23034
0.383;344124;180296;101383;163828
1.0;0;0;101441;0
0.427;440783;218495;101442;222288
0.742;5578;3907;101474;1671
0.522;98137;42223;101481;55914
0.38;148336;87955;101482;60381
0.426;10191;5431;101486;4760
0.0;0;0;101487;0
0.284;92472;31070;101498;61402
0.0;0;0;101502;0
0.19;145892;68770;101511;77122
0.703;27372;23812;101514;3560
0.0;0;0;101531;0
0.776;19144;6217;101534;12927
0.444;257074;117561;101550;139513
0.08;960015;230314;101562;729701
0.334;95302;73657;101567;21645
0.0;0;0;101608;0
0.585;57441;36884;101609;20557
0.562;55251;44708;101615;10543
0.354;23260;13961;101626;9299
0.138;54609;31080;101699;23529
0.585;214606;134249;101702;80357
0.523;78518;50327;101722;28191
0.25;248474;90577;101738;157897
0.0;0;0;101753;0
0.323;235627;114735;101845;120892
0.847;11918;11215;101857;703
0.274;404420;143865;101875;260555
0.382;6997;4468;101880;2529
0.615;21965;11386;101888;10579
0.141;79888;43982;101942;35906
0.755;24328;17591;102018;6737
0.216;237984;89236;102041;148748
0.0;0;0;102042;0
0.0;0;0;102108;0
0.206;419782;148145;102152;271637
0.051;39102;16850;102154;22252
0.222;886026;252854;102200;633172
0.0;0;0;102436;0
0.562;90907;45855;102446;45052
0.0;0;0;102451;0
0.329;300156;134128;102493;166028
0.379;64238;43248;102498;20990
0.0;0;0;102499;0
0.395;134677;62474;102502;72203
0.825;50818;24918;102550;25900
0.299;102200;38478;102551;63722
1.0;1140;1140;102600;0
0.097;108877;38484;102642;70393
0.896;57000;27301;102707;29699
0.305;81443;23792;102747;57651
0.555;79159;47517;102759;31642
0.366;281921;133776;102764;148145
1.0;12040;12040;102769;0
0.0;0;0;102772;0
0.0;0;0;102775;0
0.118;456375;159446;102782;296929
0.256;749125;205035;102786;544090
0.836;48874;27948;102800;20926
0.4;22931;10247;102806;12684
0.162;48966;15990;102827;32976
0.175;370017;107478;102851;262539
0.276;6568;5518;102867;1050
0.0;0;0;102970;0
0.711;10122;4554;102977;5568
0.157;96327;31029;102995;65298
0.216;59915;34134;103018;25781
0.546;333633;218412;103070;115221
0.214;123285;61443;103090;61842
0.118;74247;36025;103126;38222
0.335;364466;170093;103142;194373
0.321;130827;88052;103148;42775
0.434;238300;144478;103172;93822
0.451;16519;13196;103176;3323
0.0;0;0;103178;0
0.244;625346;230113;103184;395233
0.562;2298;1796;103186;502
0.164;249713;80936;103195;168777
0.108;433086;86373;103201;346713
0.0;0;0;103203;0
0.622;17122;13575;103339;3547
0.201;231952;114872;103350;117080
0.448;334765;208161;103407;126604
0.0;0;0;103445;0
0.286;24622;8079;103451;16543
0.112;140629;47072;103496;93557
1.0;586;586;103574;0
0.275;559733;122311;103593;437422
0.287;31562;27156;103605;4406
0.431;237496;106040;103609;131456
0.504;200928;139516;103612;61412
0.06;220123;36932;103629;183191
0.49;231663;160429;103661;71234
0.0;0;0;103683;0
0.0;0;0;103717;0
0.0;0;0;103736;0
0.053;775;0;103745;775
0.0;0;0;103783;0
0.753;8758;7532;103793;1226
0.347;120082;48193;103810;71889
0.269;690714;218842;103813;471872
0.0;0;0;103814;0
0.98;5643;5620;103823;23
0.1;51655;9028;103829;42627
0.511;8531;8038;103855;493
0.378;500112;248569;103870;251543
0.941;182966;121540;103878;61426
0.221;732377;208508;103887;523869
0.0;0;0;103901;0
0.0;0;0;103917;0
0.484;85749;57432;103932;28317
0.154;126788;50419;103935;76369
0.133;160250;51688;103946;108562
0.0;0;0;103956;0
0.308;1046128;232224;103957;813904
0.149;196155;54296;103977;141859
0.201;229815;59466;104001;170349
0.218;180005;65858;104016;114147
0.187;29692;12680;104041;17012
0.229;510670;166243;104044;344427
0.0;0;0;104045;0
0.0;0;0;104050;0
0.086;61564;14735;104051;46829
0.231;663719;183867;104056;479852
1.0;25195;23869;104059;1326
1.0;54527;39776;104065;14751
0.233;612267;311777;104071;300490
0.129;77003;17057;104074;59946
1.0;0;0;104088;0
0.148;484605;178433;104094;306172
0.0;0;0;104118;0
0.0;0;0;104140;0
0.248;147721;102605;104143;45116
0.0;0;0;104158;0
0.309;125085;69756;104218;55329
1.0;32080;20898;104231;11182
0.301;403421;209288;104284;194133
0.765;11129;8943;104288;2186
0.092;20886;9945;104367;10941
0.0;0;0;104381;0
0.0;0;0;104432;0
0.96;2028;2134;104476;106
0.272;116548;64960;104498;51588
0.0;0;0;104511;0
0.0;0;0;104549;0
0.062;20562;6555;104566;14007
0.0;0;0;104573;0
0.103;213642;86384;104616;127258
0.523;44240;35615;104633;8625
0.244;238215;90911;104638;147304
0.108;377332;129249;104659;248083
1.0;23808;23808;104724;0
0.284;240784;100051;104733;140733
0.0;0;0;104737;0
0.0;0;0;104743;0
0.256;56150;35152;104745;20998
1.0;791;791;104765;0
1.0;2275;2275;104769;0
0.257;317043;197084;104774;119959
0.337;303247;202684;104777;100563
0.68;584614;278154;104791;306460
0.166;236756;62014;104797;174742
0.249;116138;39708;104805;76430
0.6;65280;54794;104820;10486
0.546;87797;61494;104864;26303
0.0;0;0;104871;0
1.0;17679;12002;104876;5677
0.814;5981;5936;104883;45
0.603;80130;47452;104885;32678
0.349;88254;59213;104886;29041
0.0;0;0;104888;0
0.468;92780;59208;104929;33572
0.0;0;0;105010;0
0.132;310548;71685;105059;238863
0.0;0;0;105063;0
0.0;0;0;105075;0
0.33;116909;42428;105078;74481
0.329;189988;136969;105088;53019
0.213;290377;148713;105091;141664
0.259;38753;18525;105097;20228
0.0;0;0;105120;0
0.293;56091;34430;105135;21661
0.466;437600;251756;105140;185844
0.454;196820;80447;105156;116373
0.343;230600;173576;105168;57024
0.319;125267;47681;105177;77586
0.216;53098;10140;105188;42958
0.219;586012;182705;105193;403307
0.395;133927;74194;105194;59733
1.0;0;0;105239;0
0.053;6175;0;105267;6175
0.206;433246;135497;105269;297749
0.0;0;0;105299;0
1.0;1380;1380;105305;0
0.084;148704;30066;105313;118638
0.175;57900;35143;105336;22757
0.068;112081;27479;105343;84602
0.116;102282;3557;105350;98725
0.406;238029;149193;105389;88836
0.181;195749;77972;105426;117777
0.929;12779;8141;105428;4638
0.298;377284;158044;105436;219240
0.158;334860;129488;105437;205372
0.0;0;0;105458;0
0.136;683998;198716;105459;485282
0.0;0;0;105462;0
0.269;218058;138847;105487;79211
0.0;0;0;105489;0
0.142;44634;19076;105495;25558
0.342;618097;252331;105499;365766
0.694;104358;81155;105514;23203
0.0;0;0;105516;0
0.174;485028;154851;105517;330177
0.337;52246;28320;105522;23926
0.85;171019;143018;105526;28001
0.356;89638;60678;105528;28960
0.0;0;0;105532;0
0.386;267633;148588;105559;119045
0.394;424366;268881;105564;155485
0.0;0;0;105656;0
0.558;85184;55761;105669;29423
0.0;0;0;105670;0
0.469;678862;180996;105674;497866
0.172;33867;6202;105754;27665
0.363;533862;169851;105768;364011
0.082;100253;35263;105829;64990
0.932;4671;3834;105839;837
0.095;68653;21993;105869;46660
0.549;100350;86721;105886;13629
0.0;0;0;105889;0
0.254;209451;107105;106043;102346
0.0;0;0;106045;0
0.0;0;0;106066;0
0.322;288312;64908;106108;223404
0.09;142408;47641;106119;94767
0.339;180454;78240;106130;102214
0.451;110119;83369;106135;26750
0.649;76291;44771;106156;31520
0.586;57768;37303;106160;20465
0.0;0;0;106169;0
0.136;206633;73857;106189;132776
0.975;5906;5669;106190;237
0.079;322303;64056;106196;258247
0.0;0;0;106206;0
0.113;347725;79137;106212;268588
0.318;74066;43028;106224;31038
0.084;95802;39563;106230;56239
0.0;0;0;106265;0
0.0;0;0;106272;0
0.22;264030;156002;106279;108028
0.24;62130;40570;106295;21560
0.0;0;0;106322;0
0.346;187377;84462;106347;102915
0.362;170115;92304;106371;77811
0.271;48208;37188;106399;11020
0.0;0;0;106404;0
0.242;94779;62163;106441;32616
0.054;185966;51869;106444;134097
1.0;6712;6712;106473;0
0.0;0;0;106482;0
0.068;60889;24381;106483;36508
0.184;19211;13675;106493;5536
0.179;153857;77497;106538;76360
0.0;0;0;106586;0
0.0;0;0;106597;0
0.342;68635;36322;106638;32313
0.0;0;0;106735;0
0.5;101943;34664;106737;67279
0.0;0;0;106774;0
0.023;6616;0;106778;6616
0.31;233028;136547;106800;96481
0.309;207241;95862;106834;111379
0.581;389193;252480;106861;136713
0.0;0;0;107074;0
0.195;648369;143161;107158;505208
0.511;18192;11719;107162;6473
0.0;0;0;107205;0
0.18;483409;157832;107243;325577
0.0;0;0;107295;0
0.0;0;0;107302;0
0.145;241716;67441;107390;174275
0.083;19605;12570;107400;7035
0.166;24316;2632;107417;21684
0.124;772736;212957;107470;559779
0.0;0;0;107476;0
0.416;256087;142222;107485;113865
0.469;30574;16040;107623;14534
0.332;21114;9622;107702;11492
0.0;0;0;107721;0
0.0;0;0;107735;0
0.0;0;0;107738;0
0.174;57756;19680;107742;38076
0.358;697845;302716;107747;395129
0.0;0;0;107750;0
0.521;65384;49960;107760;15424
1.0;16893;16893;107866;0
0.0;0;0;107872;0
0.599;57420;43469;107874;13951
0.213;278163;132464;107876;145699
0.455;15719;13754;107878;1965
0.0;0;0;107880;0
0.0;0;0;107888;0
0.13;108348;35779;107901;72569
0.148;98669;36837;107909;61832
0.24;144976;61276;107915;83700
0.0;0;0;107928;0
0.0;0;0;107943;0
0.0;0;0;108013;0
0.144;298933;107629;108091;191304
0.0;0;0;108109;0
0.0;0;0;108165;0
0.301;5352;4746;108173;606
0.088;44011;18270;108176;25741
0.203;724450;179356;108181;545094
0.296;164696;92468;108210;72228
0.0;0;0;108221;0
0.63;32774;14262;108226;18512
0.398;373110;181081;108239;192029
0.158;40066;7533;108258;32533
1.0;3117;3117;108259;0
0.0;0;0;108272;0
0.15;298141;111316;108321;186825
0.0;0;0;108373;0
0.35;109271;51296;108382;57975
0.466;148523;68309;108389;80214
0.628;112113;60928;108433;51185
0.0;0;0;108439;0
0.086;102635;32226;108462;70409
0.368;135683;78530;108642;57153
1.0;17524;10664;108652;6860
0.0;0;0;108662;0
0.23;10734;4472;108694;6262
1.0;9120;9120;108697;0
0.007;36964;0;108717;36964
0.391;168227;91669;108719;76558
0.492;66592;38978;108721;27614
0.231;122630;47803;108748;74827
0.332;72169;58349;108789;13820
0.0;0;0;108803;0
0.263;322338;88788;108857;233550
0.0;0;0;108871;0
0.158;217886;37146;108898;180740
1.0;54416;48854;108900;5562
0.821;66820;47983;108907;18837
0.207;86096;26209;108935;59887
0.0;0;0;108936;0
0.068;69843;30938;108968;38905
0.655;154038;123246;108976;30792
0.244;80606;42432;108979;38174
0.0;0;0;108989;0
0.252;689236;206948;109000;482288
0.424;60641;47314;109011;13327
0.55;75141;55001;109017;20140
1.0;281;281;109022;0
0.197;661574;144871;109027;516703
0.439;21215;14712;109033;6503
0.401;308951;158338;109061;150613
0.0;0;0;109064;0
0.459;708643;352672;109065;355971
0.462;101982;60076;109094;41906
1.0;14072;14029;109095;43
0.652;13070;11647;109097;1423
0.506;82153;55828;109124;26325
0.243;381348;142820;109135;238528
0.395;1051376;454027;109138;597349
0.437;359652;136063;109141;223589
0.5;120095;61367;109146;58728
0.056;18092;14222;109178;3870
0.412;51349;17061;109218;34288
0.0;0;0;109272;0
1.0;13238;13238;109325;0
0.255;169490;92640;109326;76850
0.559;201610;142021;109364;59589
0.188;41318;10123;109379;31195
0.077;330636;54698;109394;275938
0.116;271769;117696;109437;154073
0.55;109134;50984;109446;58150
0.788;159154;140071;109454;19083
0.0;0;0;109476;0
0.449;228088;142624;109478;85464
0.243;265588;151670;109500;113918
0.0;0;0;109502;0
0.0;0;0;109506;0
0.825;5117;4313;109509;804
0.0;0;0;109511;0
0.0;0;0;109514;0
0.113;573308;137843;109534;435465
0.445;112057;83089;109539;28968
0.286;314481;153713;109554;160768
0.0;0;0;109648;0
0.169;456668;174547;109659;282121
0.291;181977;104108;109664;77869
0.625;2810;576;109707;2234
0.363;107717;50591;109742;57126
0.579;19498;15707;109848;3791
0.023;6616;0;109855;6616
1.0;476;476;109869;0
0.148;270127;127838;109874;142289
0.194;126762;37155;109879;89607
0.653;13350;11386;109888;1964
0.288;81754;50244;109919;31510
1.0;48132;44604;109998;3528
0.475;248920;138397;110102;110523
0.0;0;0;110163;0
0.0;0;0;110207;0
0.204;436038;172859;110226;263179
0.422;64930;52492;110259;12438
0.488;156054;119963;110264;36091
0.652;108636;87322;110281;21314
0.114;572222;145542;110319;426680
1.0;6329;6328;110331;1
0.286;156379;91203;110354;65176
0.32;280578;152680;110388;127898
0.0;0;0;110404;0
0.429;434;284;110410;150
0.608;313097;212254;110415;100843
0.0;0;0;110421;0
0.0;0;0;110423;0
0.974;5120;4617;110472;503
0.264;52998;37963;110513;15035
0.216;41781;17789;110543;23992
0.15;260363;88183;110549;172180
0.0;0;0;110563;0
0.194;527582;190673;110598;336909
0.0;0;0;110599;0
0.0;0;0;110671;0
0.0;0;0;110703;0
0.503;83360;36527;110721;46833
1.0;1870;1870;110754;0
0.0;0;0;110764;0
0.0;0;0;110772;0
0.656;26080;23463;110773;2617
0.506;65018;39882;110774;25136
0.0;0;0;110778;0
0.0;0;0;110782;0
0.308;113956;65777;110787;48179
0.0;0;0;110796;0
0.084;34199;27376;110800;6823
0.818;6769;6122;110803;647
0.352;138436;87977;110826;50459
0.248;220102;118357;110844;101745
1.0;454;454;110864;0
0.465;80772;48755;110865;32017
0.624;86957;61546;110871;25411
0.577;18441;16748;110915;1693
0.472;39859;34986;110920;4873
0.0;0;0;110941;0
0.392;170987;117171;110964;53816
0.0;0;0;110982;0
0.0;0;0;111000;0
0.0;0;0;111010;0
0.98;14014;6486;111013;7528
0.0;0;0;111050;0
0.215;11458;7045;111097;4413
0.119;25390;10325;111124;15065
0.135;176167;57172;111166;118995
0.185;27174;12681;111190;14493
0.0;0;0;111224;0
0.441;732253;337376;111233;394877
0.011;37827;13246;111258;24581
0.008;20744;0;111272;20744
0.52;15686;7757;111278;7929
0.0;0;0;111296;0
0.183;560745;191521;111321;369224
0.0;0;0;111365;0
0.0;0;0;111366;0
0.0;0;0;111369;0
0.0;0;0;111371;0
0.0;0;0;111377;0
0.0;0;0;111466;0
0.418;445537;197693;111471;247844
0.045;81618;17458;111509;64160
1.0;208379;104660;111557;103719
0.797;167935;129205;111573;38730
0.375;5557;5488;111594;69
0.0;0;0;111612;0
0.064;113079;31100;111626;81979
0.165;173583;35130;111631;138453
0.0;0;0;111639;0
0.385;115358;55392;111648;59966
0.0;0;0;111678;0
0.367;222956;69058;111683;153898
0.322;130997;54455;111701;76542
0.633;82227;72706;111714;9521
0.249;211781;138668;111720;73113
0.0;0;0;111728;0
0.357;96711;60948;111731;35763
0.276;927215;235236;111748;691979
0.338;2046528;539582;111766;1506946
0.0;0;0;111767;0
0.0;0;0;111782;0
0.099;65230;27719;111785;37511
0.0;0;0;111794;0
0.266;25976;6778;111801;19198
0.389;41433;32090;111849;9343
0.188;234636;76632;111865;158004
0.763;9317;3100;111896;6217
0.017;12434;0;111925;12434
0.0;0;0;111953;0
0.0;0;0;111963;0
0.0;0;0;112010;0
0.0;0;0;112037;0
0.428;143379;76400;112046;66979
0.494;46832;13260;112055;33572
0.144;34743;14713;112083;20030
0.0;0;0;112092;0
0.161;80763;46468;112098;34295
0.477;896493;377412;112111;519081
0.0;0;0;112128;0
0.446;269266;105174;112167;164092
0.404;622986;247312;112170;375674
0.964;2320;2473;112173;153
0.118;457108;194630;112211;262478
0.778;47891;44905;112215;2986
0.29;73176;60020;112227;13156
0.026;44186;299;112246;43887
0.0;0;0;112273;0
0.265;463417;219205;112276;244212
0.348;431418;365407;112284;66011
0.159;31935;19930;112288;12005
0.0;0;0;112291;0
0.577;188187;87862;112300;100325
0.044;163259;36584;112335;126675
0.115;253466;71719;112371;181747
0.0;0;0;112384;0
0.0;0;0;112389;0
0.043;107028;32607;112406;74421
0.391;211062;121616;112417;89446
0.401;216302;136466;112419;79836
0.0;0;0;112420;0
0.099;68711;19986;112421;48725
0.231;4509;392;112440;4117
0.214;576544;169830;112456;406714
0.37;62951;40838;112464;22113
0.182;243003;101705;112479;141298
0.46;38934;25104;112507;13830
0.558;77560;46943;112510;30617
0.206;229580;103584;112529;125996
0.123;26104;9937;112569;16167
0.146;54338;17599;112589;36739
0.429;302328;175784;112616;126544
0.21;32332;16788;112624;15544
1.0;5742;5742;112645;0
0.0;0;0;112653;0
0.411;293168;114062;112712;179106
0.588;5923;5369;112727;554
0.383;121173;88671;112774;32502
0.249;269580;112178;112785;157402
0.0;0;0;112787;0
0.31;120769;72314;112789;48455
0.359;190139;136020;112794;54119
0.952;1663;1553;112800;110
0.589;121744;60667;112815;61077
1.0;7628;7628;112829;0
0.724;2883;1844;112844;1039
0.382;47955;23581;112891;24374
1.0;8929;8929;112898;0
0.027;63946;14202;112915;49744
0.0;0;0;112916;0
0.308;38886;12876;112951;26010
0.0;0;0;112958;0
0.264;186497;104094;112972;82403
0.315;14156;6644;112983;7512
0.5;160008;117216;112985;42792
1.0;2275;2275;112986;0
0.197;88276;36165;112993;52111
0.64;323630;166768;113014;156862
0.0;0;0;113018;0
0.105;53357;13851;113048;39506
0.483;143177;77927;113055;65250
0.0;0;0;113061;0
1.0;8907;8907;113066;0
0.197;482755;116453;113069;366302
0.286;19843;10988;113080;8855
0.44;65898;25744;113091;40154
0.0;0;0;113103;0
0.0;0;0;113113;0
0.022;15899;8781;113132;7118
0.498;54040;35405;113209;18635
0.441;1255765;479653;113230;776112
0.583;85571;38296;113269;47275
0.453;35371;19744;113271;15627
0.334;237107;162402;113293;74705
0.501;126335;88783;113309;37552
0.0;0;0;113346;0
0.091;153987;54922;113485;99065
1.0;6407;6407;113493;0
0.167;93081;42984;113497;50097
0.889;35183;28455;113499;6728
0.504;8062;7577;113558;485
0.0;0;0;113581;0
0.0;0;0;113618;0
0.0;0;0;113645;0
0.138;7026;2784;113676;4242
0.0;0;0;113686;0
0.213;72490;48203;113724;24287
0.0;0;0;113727;0
0.0;0;0;113770;0
0.0;0;0;113795;0
0.323;208108;132929;113797;75179
0.239;49497;13852;113800;35645
0.0;0;0;113816;0
0.634;33518;21003;113855;12515
0.578;89951;32696;113899;57255
0.55;43220;27327;113910;15893
0.889;27416;23928;113915;3488
0.363;21058;14893;113924;6165
0.601;105480;44658;113945;60822
0.402;79409;45441;113948;33968
0.0;0;0;113963;0
0.0;0;0;113986;0
0.0;0;0;114000;0
0.158;231074;66422;114018;164652
0.205;17686;9624;114025;8062
0.073;181166;79209;114043;101957
0.327;1266463;458727;114051;807736
0.307;317724;145266;114071;172458
0.0;0;0;114107;0
0.074;185572;45244;114119;140328
0.286;494470;185931;114149;308539
0.0;0;0;114187;0
0.501;349977;145242;114190;204735
0.216;206083;72151;114197;133932
0.45;878020;396545;114206;481475
0.64;66587;48836;114214;17751
0.951;87860;48474;114216;39386
0.0;0;0;114220;0
0.329;61138;26875;114223;34263
0.439;199337;99968;114233;99369
0.519;88510;70283;114236;18227
0.653;14381;13412;114240;969
0.148;1325717;300628;114256;1025089
0.086;340430;102789;114287;237641
0.962;40262;18907;114288;21355
0.859;6979;6269;114327;710
0.0;0;0;114381;0
0.0;0;0;114387;0
0.0;0;0;114464;0
0.098;47973;27895;114473;20078
0.324;373514;151817;114521;221697
0.329;177626;57424;114568;120202
0.102;67676;24502;114579;43174
0.604;378094;187347;114610;190747
0.333;280871;118830;114654;162041
0.217;278298;92600;114708;185698
0.192;116108;49273;114715;66835
0.258;39051;22275;114743;16776
0.0;0;0;114768;0
0.0;0;0;114770;0
0.26;117016;65738;114832;51278
0.294;1131223;310649;114834;820574
0.143;58616;26595;114851;32021
0.364;26294;22016;114869;4278
0.0;0;0;114872;0
0.0;0;0;114892;0
0.056;35831;7284;114900;28547
0.513;256749;138402;114919;118347
0.503;226126;123857;114928;102269
0.322;502426;166218;114946;336208
0.0;0;0;114968;0
0.208;67217;49549;114970;17668
0.0;0;0;114983;0
0.466;187403;121136;115033;66267
0.0;0;0;115177;0
0.063;48355;18023;115188;30332
0.0;0;0;115209;0
0.0;0;0;115258;0
0.0;0;0;115418;0
0.393;778502;234170;115428;544332
0.0;0;0;115436;0
0.103;1096956;186360;115443;910596
0.363;45067;33834;115454;11233
0.0;0;0;115462;0
0.454;47162;33638;115484;13524
0.0;0;0;115491;0
0.0;0;0;115504;0
0.44;1018582;492251;115515;526331
0.242;299576;119105;115541;180471
1.0;0;0;115553;0
0.0;0;0;115580;0
0.51;312641;137427;115595;175214
0.147;232070;71792;115600;160278
0.095;473693;114963;115607;358730
0.0;0;0;115609;0
0.363;366613;158504;115626;208109
0.602;110461;27428;115644;83033
0.324;407678;207878;115645;199800
0.044;8149;3622;115676;4527
0.356;121043;53576;115680;67467
0.378;546003;251439;115701;294564
0.464;20446;15246;115772;5200
0.0;0;0;115828;0
0.0;0;0;115840;0
0.815;20458;17502;115850;2956
0.343;694763;312254;115863;382509
0.0;0;0;115871;0
0.378;875810;399689;115895;476121
0.228;880149;225871;115896;654278
0.379;39309;25620;115898;13689
0.159;267926;61084;115906;206842
0.446;366262;151391;115908;214871
0.398;1103399;510979;115923;592420
0.135;523515;97381;115938;426134
0.0;0;0;115942;0
0.0;0;0;115976;0
0.344;172089;106445;115986;65644
0.817;198034;171085;116009;26949
0.0;0;0;116019;0
0.0;0;0;116033;0
0.0;0;0;116076;0
0.039;106541;16850;116078;89691
0.472;41630;16396;116098;25234
0.236;56767;26650;116151;30117
0.116;91904;38500;116167;53404
0.0;0;0;116196;0
0.0;0;0;116222;0
0.162;637431;193722;116247;443709
0.442;80556;49657;116277;30899
0.255;176780;135245;116280;41535
0.479;144545;56949;116281;87596
0.0;0;0;116288;0
0.0;0;0;116290;0
0.255;150250;68060;116291;82190
0.955;62610;43331;116309;19279
0.0;0;0;116344;0
0.464;4779;3651;116370;1128
0.0;0;0;116377;0
0.116;151226;49758;116394;101468
0.0;0;0;116397;0
0.0;0;0;116434;0
0.023;6616;0;116467;6616
0.563;108623;87170;116509;21453
0.191;10516;8853;116571;1663
0.374;225300;116969;116640;108331
0.428;78433;35346;116645;43087
0.269;1249824;378338;116662;871486
0.337;1433605;465058;116673;968547
0.0;0;0;116708;0
0.495;181754;158568;116711;23186
0.431;603184;245854;116725;357330
0.1;79746;35455;116756;44291
0.037;32537;13287;116826;19250
0.565;9643;6785;116863;2858
0.461;108349;85191;116894;23158
0.577;69845;37019;116906;32826
0.724;33783;23443;116967;10340
0.187;52082;23201;117028;28881
0.0;0;0;117080;0
0.275;214136;110274;117149;103862
0.285;197936;116799;117156;81137
0.262;538034;257257;117159;280777
0.0;0;0;117218;0
0.464;14561;8049;117230;6512
0.0;0;0;117284;0
0.322;509626;181559;117287;328067
0.0;0;0;117304;0
0.0;0;0;117324;0
0.054;181186;37293;117326;143893
0.0;0;0;117333;0
0.172;120053;13580;117339;106473
0.0;0;0;117350;0
0.0;0;0;117365;0
1.0;212;212;117367;0
1.0;0;0;117403;0
0.958;8035;7686;117437;349
0.0;0;0;117438;0
0.311;433069;175700;117465;257369
0.092;248442;66437;117479;182005
0.239;273257;162591;117504;110666
0.706;44605;23918;117538;20687
0.673;15179;11499;117591;3680
0.0;0;0;117619;0
0.0;0;0;117653;0
0.297;250778;90612;117670;160166
0.151;301372;93516;117685;207856
0.323;288451;155253;117764;133198
0.118;57571;21151;117771;36420
0.616;128925;50233;117774;78692
0.0;0;0;117807;0
0.009;16280;0;117832;16280
0.332;201386;158320;117898;43066
0.174;482801;165031;117907;317770
0.0;0;0;117917;0
0.0;0;0;117948;0
0.146;64527;26479;117949;38048
0.664;59576;44282;117973;15294
0.1;105085;44172;118027;60913
0.0;0;0;118134;0
0.233;902268;330020;118141;572248
0.299;229202;59420;118147;169782
0.257;481999;234582;118150;247417
0.0;0;0;118151;0
0.048;253000;39659;118155;213341
0.0;0;0;118158;0
0.0;0;0;118169;0
0.371;1261452;364743;118170;896709
0.0;0;0;118177;0
0.154;76413;41521;118183;34892
0.0;0;0;118186;0
0.0;0;0;118192;0
0.143;1050506;213389;118195;837117
0.26;108375;54405;118199;53970
0.085;60827;22060;118202;38767
0.488;77001;37289;118204;39712
0.0;0;0;118242;0
0.0;0;0;118291;0
0.301;189597;85996;118296;103601
0.327;120596;56254;118304;64342
0.121;2497;1474;118315;1023
0.48;27358;23152;118326;4206
1.0;0;0;118362;0
0.322;109954;74587;118380;35367
0.257;314950;124558;118398;190392
1.0;15876;15876;118429;0
0.476;65786;34341;118430;31445
0.204;99433;34076;118436;65357
0.424;19201;15034;118440;4167
0.176;84591;39898;118451;44693
0.991;45128;43424;118479;1704
0.378;179760;106833;118483;72927
0.0;0;0;118484;0
0.56;25077;12793;118487;12284
0.326;615761;199661;118490;416100
0.0;0;0;118504;0
1.0;2134;2134;118524;0
1.0;9727;9727;118529;0
0.101;252218;90208;118533;162010
0.439;25741;19159;118623;6582
1.0;62036;61898;118654;138
0.383;90155;47454;118657;42701
0.0;0;0;118662;0
0.09;7071;5474;118680;1597
0.016;19739;0;118700;19739
0.0;0;0;118736;0
0.301;124356;80886;118778;43470
0.629;135504;102882;118789;32622
0.1;27420;16890;118805;10530
0.253;128372;99457;118813;28915
0.804;13601;12185;118826;1416
0.0;0;0;118836;0
0.0;0;0;118842;0
0.293;71239;34509;118844;36730
0.235;43877;31366;118864;12511
0.433;9799;7991;118877;1808
0.0;0;0;118906;0
0.274;119802;59323;118915;60479
0.0;0;0;118998;0
0.0;0;0;119008;0
0.0;0;0;119036;0
0.0;0;0;119094;0
0.505;48259;16914;119128;31345
0.216;1362509;311963;119148;1050546
0.957;97544;70108;119158;27436
1.0;6153;6121;119177;32
0.284;302452;98484;119181;203968
0.0;0;0;119231;0
0.578;120082;89402;119233;30680
0.129;187073;105077;119239;81996
0.0;0;0;119243;0
0.334;67455;20879;119258;46576
0.0;0;0;119275;0
0.242;140184;67484;119284;72700
0.0;0;0;119306;0
0.0;0;0;119346;0
0.0;0;0;119376;0
0.0;0;0;119432;0
0.0;0;0;119464;0
0.496;41267;31776;119638;9491
0.347;606707;250472;119640;356235
1.0;3100;3100;119675;0
0.148;266031;102456;119760;163575
0.545;13388;10930;119772;2458
0.348;3916;3193;119786;723
0.507;24615;4744;119796;19871
0.403;626993;246728;119861;380265
0.741;74829;65336;119871;9493
0.0;0;0;119908;0
0.39;200919;106179;119918;94740
0.332;176928;66480;119923;110448
0.124;34083;9275;119928;24808
0.099;47630;18950;119932;28680
0.0;0;0;119942;0
0.0;0;0;119950;0
0.229;1251298;389171;119957;862127
0.183;566503;228515;119959;337988
0.615;57020;47715;119988;9305
0.786;56293;45299;119989;10994
0.3;173228;78514;120005;94714
1.0;2134;2134;120025;0
0.142;385984;193236;120051;192748
0.315;26616;12454;120066;14162
0.186;33571;17799;120161;15772
0.0;0;0;120166;0
0.0;0;0;120181;0
0.367;989607;340005;120217;649602
0.425;161747;108675;120229;53072
0.213;8814;6259;120334;2555
0.0;0;0;120371;0
0.0;0;0;120391;0
0.421;42275;25238;120411;17037
0.128;302449;44494;120426;257955
0.479;10887;10699;120490;188
0.289;27197;20999;120498;6198
0.0;0;0;120512;0
0.0;0;0;120537;0
0.0;0;0;120584;0
0.372;283673;148725;120690;134948
1.0;752;752;120719;0
0.372;160768;106376;120726;54392
0.381;135833;86827;120744;49006
0.0;0;0;120753;0
0.455;2783;1017;120756;1766
0.0;0;0;120758;0
0.0;0;0;120786;0
0.104;28793;13248;120867;15545
0.0;0;0;120891;0
0.5;86619;50957;120929;35662
0.232;635101;221525;120998;413576
0.0;0;0;121007;0
0.544;51412;28684;121035;22728
0.235;1159;45;121038;1114
0.346;154920;93267;121042;61653
0.329;623039;243280;121048;379759
0.055;24620;14273;121058;10347
0.0;0;0;121063;0
0.449;134906;102487;121072;32419
0.407;203732;73891;121075;129841
0.348;324775;92404;121093;232371
0.0;0;0;121148;0
0.42;54207;39549;121155;14658
0.0;0;0;121156;0
0.292;5736;5548;121158;188
0.328;136648;109942;121161;26706
0.783;17119;13970;121168;3149
0.283;251342;104749;121187;146593
0.441;62834;48426;121189;14408
1.0;0;0;121190;0
0.393;132669;57680;121238;74989
0.0;0;0;121243;0
0.248;120446;68727;121267;51719
0.368;111746;90485;121281;21261
1.0;0;0;121346;0
1.0;2357;2357;121378;0
0.255;67668;51115;121411;16553
0.198;74096;29535;121415;44561
0.234;338410;159711;121420;178699
0.0;0;0;121432;0
0.534;167822;116155;121435;51667
0.12;302906;82564;121437;220342
0.0;0;0;121456;0
0.0;0;0;121462;0
0.629;7408;5922;121494;1486
0.476;75717;38619;121508;37098
1.0;0;0;121552;0
0.329;61642;44340;121561;17302
0.904;31368;29115;121564;2253
0.0;0;0;121572;0
0.262;39556;29437;121573;10119
0.178;63488;30962;121581;32526
0.0;0;0;121587;0
0.154;43060;6202;121590;36858
0.0;0;0;121621;0
0.279;46472;4131;121633;42341
1.0;1138;1023;121641;115
0.0;0;0;121694;0
0.0;0;0;121698;0
0.248;201305;146206;121727;55099
0.167;162351;61626;121736;100725
0.096;49222;25205;121757;24017
0.673;47786;36880;121775;10906
0.132;103294;32770;121790;70524
0.762;2813;1731;121791;1082
0.461;89732;78467;121797;11265
0.632;16553;14747;121805;1806
0.0;0;0;121809;0
0.0;0;0;121824;0
0.136;93933;57638;121902;36295
0.0;0;0;121907;0
0.0;0;0;121909;0
0.044;10051;5656;121913;4395
0.0;0;0;121932;0
0.457;444548;210860;121952;233688
0.552;93981;54832;121953;39149
0.871;6576;4136;121954;2440
0.283;175169;87318;121961;87851
0.0;0;0;122014;0
0.116;158549;53556;122039;104993
0.269;191843;71019;122052;120824
0.233;7931;5758;122069;2173
1.0;631;631;122089;0
0.205;405847;135135;122167;270712
0.445;284172;122411;122174;161761
0.0;0;0;122205;0
0.266;170023;73773;122210;96250
0.298;126115;41431;122220;84684
0.366;264623;105804;122242;158819
0.0;0;0;122257;0
0.129;602283;150026;122260;452257
0.223;701643;173763;122265;527880
1.0;2466;2466;122296;0
0.392;84696;25725;122314;58971
0.188;129327;51704;122315;77623
0.0;0;0;122329;0
0.392;109183;45962;122336;63221
0.279;101086;60697;122388;40389
0.536;355404;184048;122398;171356
0.207;168349;43118;122485;125231
0.283;20283;16474;122501;3809
0.229;843237;234444;122504;608793
0.473;315057;120912;122518;194145
0.0;0;0;122527;0
0.0;0;0;122563;0
0.216;227499;86711;122592;140788
0.305;750916;183500;122601;567416
0.29;15433;11308;122603;4125
0.225;125839;37287;122605;88552
0.318;150069;87149;122621;62920
1.0;28783;28783;122627;0
0.0;0;0;122628;0
0.0;0;0;122629;0
0.311;120590;68729;122636;51861
0.18;144840;66953;122652;77887
0.348;22002;10204;122658;11798
0.769;40147;21359;122661;18788
0.333;1479691;478317;122688;1001374
0.04;65717;17432;122692;48285
0.134;100295;54212;122701;46083
0.055;13362;9069;122747;4293
0.35;532694;127651;122776;405043
0.8;34215;13767;122822;20448
0.0;0;0;122823;0
0.0;0;0;122828;0
0.202;34130;3180;122849;30950
0.173;533972;194582;122878;339390
0.226;353528;170288;122898;183240
0.211;519789;217066;122903;302723
0.304;107306;66197;122907;41109
1.0;4566;4566;122949;0
0.327;161565;89002;123003;72563
0.0;0;0;123096;0
0.08;85554;10508;123112;75046
0.0;0;0;123119;0
0.0;0;0;123145;0
1.0;4870;4870;123147;0
0.0;0;0;123192;0
0.0;0;0;123200;0
0.267;56588;4566;123261;52022
0.049;86832;15770;123331;71062
0.397;311851;176350;123347;135501
0.173;144640;73346;123396;71294
0.0;0;0;123428;0
0.37;615528;156575;123438;458953
0.0;0;0;123479;0
0.646;113033;72442;123489;40591
0.231;295214;84709;123504;210505
0.707;31822;17333;123513;14489
0.293;32543;16755;123539;15788
0.0;0;0;123574;0
0.833;9800;8822;123581;978
0.07;85061;17561;123607;67500
1.0;4239;4239;123611;0
1.0;5488;5488;123616;0
0.036;4566;0;123617;4566
0.4;380388;268242;123628;112146
0.135;84934;32332;123634;52602
0.118;98621;39003;123637;59618
0.448;32280;27680;123639;4600
0.417;179103;152157;123643;26946
1.0;6630;6630;123654;0
0.405;143555;74898;123656;68657
0.278;163904;98609;123664;65295
0.049;179745;79533;123683;100212
0.547;24912;19538;123692;5374
0.046;58553;16045;123708;42508
0.214;12753;9968;123715;2785
0.173;133964;32999;123723;100965
0.217;535683;178316;123738;357367
0.251;117864;45171;123740;72693
0.52;78940;51648;123749;27292
0.444;1023495;369114;123753;654381
0.103;789809;150420;123763;639389
0.0;0;0;123766;0
0.72;11337;11147;123767;190
0.0;0;0;123775;0
0.0;0;0;123782;0
0.209;709497;185203;123816;524294
0.296;1913801;397378;123821;1516423
0.43;1348091;572984;123826;775107
0.055;828626;153980;123828;674646
0.289;296984;172497;123831;124487
0.261;142694;65958;123836;76736
0.0;0;0;123845;0
0.914;42603;42029;123852;574
0.365;102309;58275;123854;44034
0.348;308980;180730;123862;128250
0.235;479143;156875;123874;322268
1.0;0;0;123886;0
1.0;74026;41874;123891;32152
0.185;118974;44170;123902;74804
0.186;413637;206878;123915;206759
0.0;0;0;123921;0
0.21;116884;40675;123933;76209
0.0;0;0;123947;0
0.676;26659;25832;123960;827
0.494;30859;12070;123967;18789
0.0;0;0;123975;0
0.515;387805;124835;123978;262970
0.13;555798;190149;123982;365649
1.0;2526;2526;124001;0
0.489;487421;180422;124008;306999
0.0;0;0;124011;0
0.0;0;0;124017;0
0.0;0;0;124020;0
0.821;76346;56495;124021;19851
0.51;8541;8155;124029;386
0.253;286929;153297;124041;133632
0.188;151353;57038;124046;94315
0.12;151507;76649;124140;74858
0.204;768516;199295;124144;569221
0.302;75738;17739;124150;57999
0.621;236279;93209;124175;143070
0.0;0;0;124199;0
0.129;310243;65568;124227;244675
0.0;0;0;124239;0
0.238;615036;206869;124245;408167
0.0;0;0;124281;0
1.0;4739;4739;124282;0
0.0;0;0;124285;0
0.483;212650;146209;124287;66441
0.987;25154;24534;124295;620
0.0;0;0;124303;0
0.102;417993;104840;124308;313153
1.0;0;0;124310;0
0.17;77575;41591;124311;35984
0.304;204676;111077;124318;93599
0.336;160611;85852;124319;74759
0.087;71750;24360;124323;47390
0.143;121679;40417;124325;81262
0.596;156286;119494;124327;36792
1.0;11392;11392;124437;0
0.261;218040;122726;124454;95314
0.066;57949;26262;124470;31687
0.0;0;0;124579;0
0.076;118232;25591;124588;92641
0.313;191186;78490;124638;112696
0.256;445028;118583;124644;326445
0.0;0;0;124660;0
0.03;222538;34332;124668;188206
0.346;804168;324642;124674;479526
0.6;421;215;124812;206
0.0;0;0;124818;0
0.0;0;0;124883;0
0.314;288685;91841;125055;196844
0.181;21453;14714;125098;6739
0.0;0;0;125128;0
0.202;204679;51067;125142;153612
0.608;37701;31085;125158;6616
0.0;0;0;125206;0
0.0;0;0;125213;0
0.292;105785;81334;125242;24451
0.138;26018;15344;125245;10674
0.247;50015;35759;125297;14256
0.0;0;0;125313;0
0.194;687333;202522;125351;484811
0.0;0;0;125389;0
0.55;94305;78966;125424;15339
0.461;47945;22598;125428;25347
1.0;32152;16076;125436;16076
0.0;0;0;125439;0
0.569;237724;136080;125440;101644
0.167;482704;191739;125441;290965
0.48;62356;48817;125442;13539
0.284;246660;113496;125447;133164
0.377;20637;17142;125518;3495
0.0;0;0;125569;0
0.166;222035;81754;125602;140281
0.0;0;0;125616;0
0.0;0;0;125617;0
0.697;12089;9964;125645;2125
1.0;412;412;125676;0
0.375;29805;15969;125678;13836
0.606;11171;10507;125708;664
0.169;35650;10132;125710;25518
1.0;11505;11505;125712;0
0.256;1576586;343084;125721;1233502
0.144;19867;3835;125725;16032
0.36;34503;32277;125727;2226
0.0;0;0;125733;0
0.003;124173;268;125735;123905
0.661;22345;16254;125739;6091
0.147;119698;31347;125743;88351
0.263;201317;103936;125746;97381
0.362;163549;68551;125751;94998
0.0;0;0;125752;0
0.368;83795;54719;125753;29076
0.0;0;0;125757;0
0.257;13719;1980;125758;11739
0.771;21393;7712;125763;13681
0.103;188727;46542;125778;142185
0.214;145289;55110;125779;90179
0.026;17316;7917;125790;9399
0.29;1343488;394929;125791;948559
0.148;22480;10975;125795;11505
0.061;270502;131382;125802;139120
1.0;3100;3100;125806;0
0.154;22732;16207;125818;6525
0.797;134020;87868;125821;46152
0.247;410924;157332;125830;253592
0.036;153528;37702;125876;115826
0.0;0;0;125889;0
0.258;49951;27740;125901;22211
0.374;47267;37533;125904;9734
0.082;1116566;165544;125911;951022
0.565;68785;34811;125920;33974
0.288;480736;189179;126001;291557
0.253;243021;163440;126012;79581
0.322;148739;78978;126027;69761
0.0;0;0;126044;0
0.342;13205;10768;126056;2437
0.52;58246;42982;126070;15264
0.169;133625;55805;126072;77820
0.401;357949;150317;126074;207632
0.0;0;0;126075;0
0.578;45624;19518;126076;26106
0.381;662511;297017;126083;365494
0.619;51688;37081;126085;14607
0.648;86835;60259;126088;26576
0.0;0;0;126095;0
0.978;96107;91880;126096;4227
0.729;66459;53518;126100;12941
0.277;421189;191852;126102;229337
0.0;0;0;126151;0
0.348;252384;153640;126188;98744
0.074;78527;31324;126208;47203
0.31;677914;246849;126243;431065
0.233;16091;7885;126244;8206
0.0;0;0;126251;0
1.0;21403;21403;126271;0
0.366;29090;20621;126285;8469
0.068;34192;17470;126296;16722
0.782;37145;22129;126300;15016
0.227;16126;8256;126315;7870
0.0;0;0;126318;0
0.0;0;0;126321;0
0.0;0;0;126334;0
0.634;16711;13955;126354;2756
0.0;0;0;126357;0
0.0;0;0;126361;0
1.0;0;0;126364;0
0.032;46369;837;126368;45532
0.0;0;0;126383;0
1.0;2562;1297;126401;1265
0.0;0;0;126411;0
0.0;0;0;126429;0
0.0;0;0;126434;0
0.95;103523;56309;126473;47214
0.309;138782;70649;126485;68133
0.0;0;0;126507;0
0.0;0;0;126511;0
0.0;0;0;126528;0
0.336;381617;200385;126535;181232
0.189;462737;174618;126546;288119
0.033;164355;52979;126552;111376
0.0;0;0;126562;0
0.059;38953;16491;126564;22462
0.0;0;0;126570;0
0.29;201367;86121;126591;115246
0.104;291585;72546;126605;219039
1.0;18618;18618;126676;0
0.328;227205;85435;126724;141770
0.216;239726;107711;126727;132015
0.0;0;0;126734;0
0.133;239097;89557;126738;149540
0.433;169545;94583;126750;74962
0.0;0;0;126783;0
0.0;0;0;126787;0
0.0;0;0;126802;0
0.436;36569;26633;126814;9936
0.154;253148;74220;126828;178928
0.962;110781;106312;126857;4469
0.0;0;0;126860;0
0.286;270614;99926;126874;170688
0.618;62049;33933;126901;28116
0.305;127267;80662;126945;46605
0.108;63026;20999;126963;42027
0.352;576190;235559;126983;340631
0.0;0;0;126990;0
0.253;298680;145889;126995;152791
0.0;0;0;127049;0
0.962;4596;4112;127055;484
0.0;0;0;127060;0
0.566;20183;16159;127082;4024
0.71;8491;7733;127129;758
1.0;2131;2131;127243;0
0.0;0;0;127245;0
0.0;0;0;127255;0
1.0;0;0;127259;0
0.443;14682;10647;127267;4035
0.0;0;0;127281;0
1.0;62583;57965;127283;4618
0.207;182326;60598;127284;121728
0.0;0;0;127302;0
0.0;0;0;127320;0
0.0;0;0;127334;0
0.0;0;0;127397;0
0.575;201800;150279;127402;51521
0.0;0;0;127432;0
0.0;0;0;127435;0
0.381;178351;132728;127436;45623
0.0;0;0;127440;0
0.0;0;0;127450;0
0.0;0;0;127463;0
0.0;0;0;127469;0
0.26;56517;29299;127472;27218
0.0;0;0;127522;0
0.397;33443;30006;127529;3437
0.0;0;0;127558;0
0.334;1320314;384468;127573;935846
0.361;928623;214226;127588;714397
0.0;0;0;127590;0
0.265;314295;137944;127604;176351
0.373;47943;40164;127625;7779
0.237;659491;193282;127647;466209
0.0;0;0;127724;0
0.379;83308;56344;127788;26964
0.29;743338;232012;127829;511326
0.0;0;0;127831;0
0.62;58978;35180;127907;23798
0.0;0;0;127909;0
0.0;0;0;127919;0
0.41;31581;16519;128030;15062
0.314;14292;9180;128038;5112
0.0;0;0;128040;0
0.166;114084;47623;128042;66461
0.143;3787;592;128119;3195
0.274;86413;57823;128126;28590
1.0;29708;16635;128127;13073
0.0;0;0;128130;0
0.442;132895;64398;128145;68497
0.0;0;0;128152;0
0.19;154620;61768;128179;92852
0.264;1291350;345826;128206;945524
0.318;95484;49396;128210;46088
0.466;68302;53259;128243;15043
0.0;0;0;128251;0
0.605;69244;54683;128277;14561
0.331;727675;239788;128279;487887
0.128;282689;135419;128285;147270
1.0;17192;17192;128289;0
0.349;367277;125755;128331;241522
0.399;79355;49941;128344;29414
0.0;0;0;128383;0
0.202;78485;48172;128474;30313
0.226;8484;7304;128481;1180
0.08;120660;59045;128511;61615
0.0;0;0;128523;0
0.349;653682;270685;128556;382997
1.0;2037;2037;128559;0
0.0;0;0;128560;0
0.0;0;0;128567;0
0.635;64197;37484;128575;26713
0.562;128042;74651;128577;53391
0.599;378122;274414;128595;103708
0.0;0;0;128625;0
0.0;0;0;128643;0
0.222;1121;25;128655;1096
0.791;72745;58718;128676;14027
0.544;46069;39029;128708;7040
0.41;1442611;556148;128712;886463
0.232;22929;4090;128723;18839
0.561;103437;84187;128727;19250
0.135;192050;54092;128769;137958
0.0;0;0;128770;0
0.0;0;0;128774;0
0.19;125490;49949;128800;75541
0.0;0;0;128804;0
0.608;92571;77131;128816;15440
0.0;0;0;128820;0
0.0;0;0;128822;0
0.0;0;0;128830;0
0.0;0;0;128854;0
0.0;0;0;128876;0
0.23;460412;157587;128888;302825
0.0;0;0;128954;0
0.267;275683;98107;128972;177576
1.0;3117;3117;128996;0
0.0;0;0;129028;0
0.0;0;0;129050;0
0.929;16073;14934;129058;1139
0.367;59078;20742;129076;38336
0.26;110351;30379;129117;79972
0.415;236645;63807;129127;172838
0.314;44537;32875;129137;11662
0.0;0;0;129240;0
0.0;0;0;129301;0
0.346;43104;7406;129318;35698
0.238;341580;90310;129324;251270
0.0;0;0;129327;0
0.137;277375;82058;129331;195317
0.051;251265;59062;129338;192203
0.395;89007;24633;129352;64374
0.0;0;0;129414;0
0.0;0;0;129423;0
0.0;0;0;129487;0
0.308;75583;28569;129490;47014
0.134;250180;88935;129508;161245
0.291;351893;171800;129533;180093
0.224;441042;123397;129565;317645
0.259;53717;19822;129634;33895
0.208;944281;349258;129641;595023
1.0;6681;6681;129651;0
0.0;0;0;129655;0
0.255;383872;160160;129676;223712
0.419;353254;209163;129682;144091
0.0;0;0;129686;0
0.673;3451;3390;129704;61
0.319;285463;164382;129707;121081
0.0;0;0;129748;0
0.0;0;0;129767;0
0.921;111803;110028;129780;1775
0.661;5749;4080;129788;1669
0.355;50803;32461;129792;18342
0.6;97932;37237;129803;60695
0.168;120460;66270;129817;54190
0.273;392220;149992;129836;242228
0.582;37640;24040;129877;13600
0.466;36962;32234;129899;4728
0.528;21606;10823;129905;10783
0.583;53165;37840;129923;15325
0.345;50077;41899;129936;8178
0.317;496984;159930;129946;337054
0.094;737866;174679;129952;563187
0.089;250766;53918;129965;196848
0.0;0;0;129977;0
0.0;0;0;129992;0
0.904;18679;17985;130003;694
0.018;21980;14003;130038;7977
0.271;331889;99669;130062;232220
0.315;190407;124561;130071;65846
0.694;11099;10813;130124;286
0.021;92603;2820;130133;89783
0.0;0;0;130173;0
0.407;80262;62812;130181;17450
0.172;231357;57179;130209;174178
0.0;0;0;130210;0
0.056;80305;33971;130212;46334
0.216;44725;14987;130215;29738
0.0;0;0;130256;0
0.16;43821;9678;130272;34143
0.0;0;0;130280;0
0.0;0;0;130302;0
0.174;204688;47890;130369;156798
0.0;0;0;130376;0
1.0;5777;4739;130379;1038
0.19;197861;54955;130384;142906
0.394;96793;34501;130395;62292
0.445;305641;178220;130397;127421
0.234;200118;65542;130399;134576
0.0;0;0;130406;0
0.038;64592;19738;130437;44854
0.0;0;0;130464;0
0.0;0;0;130466;0
0.384;258177;127741;130477;130436
0.0;0;0;130481;0
0.243;181245;53662;130501;127583
0.179;19039;9987;130524;9052
0.114;266283;105311;130529;160972
0.73;14854;13933;130596;921
0.0;0;0;130615;0
1.0;15208;15208;130625;0
0.0;0;0;130631;0
0.085;78502;24275;130721;54227
0.0;0;0;130769;0
0.0;0;0;130794;0
0.0;0;0;130796;0
1.0;963;963;130806;0
0.189;413252;122174;130824;291078
0.0;0;0;130845;0
0.457;69774;45582;130855;24192
0.27;238860;87429;130864;151431
0.0;0;0;130883;0
0.94;214303;97692;130908;116611
0.476;54335;39003;130911;15332
0.368;287197;181827;130916;105370
0.0;0;0;130985;0
0.0;0;0;130987;0
0.0;0;0;130995;0
0.0;0;0;131018;0
0.0;0;0;131024;0
0.743;51282;42481;131072;8801
0.0;0;0;131092;0
1.0;3331;3331;131098;0
0.0;0;0;131109;0
0.0;0;0;131138;0
0.0;0;0;131265;0
0.0;0;0;131282;0
0.852;34174;33520;131287;654
0.116;17859;14196;131313;3663
0.209;36727;26964;131337;9763
0.008;82976;0;131338;82976
0.649;10210;7434;131347;2776
0.0;0;0;131362;0
0.257;39170;10376;131383;28794
1.0;47599;35716;131388;11883
0.267;768375;259384;131397;508991
0.393;129631;29252;131447;100379
0.334;53586;37105;131461;16481
0.0;0;0;131471;0
0.216;243300;92614;131476;150686
0.193;306455;113488;131478;192967
0.612;113870;96601;131480;17269
0.0;0;0;131499;0
0.538;28810;22260;131512;6550
0.208;94853;37944;131518;56909
0.222;909118;303564;131521;605554
0.0;0;0;131580;0
0.0;0;0;131583;0
0.0;0;0;131590;0
0.327;57698;29000;131633;28698
0.402;140705;99428;131640;41277
1.0;537;537;131656;0
0.04;7922;0;131668;7922
0.002;96002;0;131722;96002
0.915;11456;9727;131725;1729
0.942;146099;124184;131728;21915
0.0;0;0;131748;0
0.289;87188;67415;131761;19773
0.0;0;0;131787;0
0.659;4093;2588;131819;1505
0.345;129480;73894;131827;55586
0.0;0;0;131839;0
0.396;18991;16287;131842;2704
0.198;188185;79080;131858;109105
1.0;476;476;131868;0
0.5;12242;3684;131873;8558
0.0;0;0;131921;0
0.167;271454;65672;131977;205782
0.22;40144;18984;132000;21160
0.278;379278;112043;132002;267235
0.0;0;0;132010;0
0.934;40938;30019;132031;10919
0.0;0;0;132039;0
0.0;0;0;132083;0
0.296;26614;10169;132095;16445
0.0;0;0;132097;0
0.588;47024;8725;132107;38299
0.0;0;0;132141;0
0.0;0;0;132148;0
0.173;22040;3737;132154;18303
0.647;655;502;132168;153
0.719;46828;32696;132217;14132
0.324;301330;80406;132227;220924
0.0;0;0;132283;0
0.0;0;0;132296;0
0.0;0;0;132333;0
0.033;8073;0;132376;8073
1.0;2264;2264;132428;0
0.311;562096;310780;132433;251316
1.0;955;955;132437;0
0.415;46284;37789;132465;8495
0.282;977560;304178;132467;673382
0.457;133070;51851;132471;81219
0.158;89426;26349;132495;63077
0.0;0;0;132506;0
0.0;0;0;132526;0
0.122;114937;45593;132529;69344
0.437;131379;29859;132532;101520
0.0;0;0;132533;0
0.337;41683;21879;132534;19804
0.283;11286;10294;132548;992
0.0;0;0;132553;0
0.609;22787;14104;132596;8683
0.0;0;0;132599;0
0.942;3943;3259;132631;684
1.0;631;631;132641;0
0.0;0;0;132662;0
0.115;211963;40326;132672;171637
0.0;0;0;132697;0
0.208;328678;217295;132700;111383
0.187;152295;49805;132713;102490
0.234;387256;166114;132715;221142
0.202;35301;11950;132721;23351
0.692;93849;61502;132722;32347
0.179;33225;23891;132723;9334
0.18;303494;104475;132728;199019
0.389;423900;227738;132729;196162
0.847;25950;23911;132730;2039
0.0;0;0;132731;0
0.412;53956;32132;132735;21824
0.529;68901;42985;132741;25916
0.0;0;0;132745;0
0.207;85444;45799;132748;39645
0.364;87067;52962;132760;34105
0.222;408469;140797;132763;267672
0.561;199793;106880;132775;92913
0.207;80792;42849;132780;37943
0.354;66839;42200;132793;24639
0.234;89521;35247;132804;54274
0.0;0;0;132823;0
0.0;0;0;132830;0
0.093;254783;73274;133025;181509
0.0;0;0;133052;0
0.273;208840;77641;133080;131199
0.087;30677;18523;133096;12154
0.0;0;0;133149;0
0.142;49700;17143;133167;32557
0.377;796634;277339;133199;519295
1.0;2291;2291;133215;0
0.273;69778;35708;133218;34070
0.155;78916;22075;133220;56841
0.37;128992;46199;133241;82793
0.0;0;0;133258;0
0.64;167139;99900;133276;67239
0.327;135238;46015;133324;89223
0.425;48346;37512;133332;10834
0.0;0;0;133399;0
0.0;0;0;133416;0
0.0;0;0;133435;0
0.0;0;0;133440;0
0.074;9667;7080;133457;2587
0.0;0;0;133464;0
0.0;0;0;133469;0
0.0;0;0;133492;0
1.0;9386;9386;133493;0
0.0;0;0;133540;0
0.135;57395;31515;133570;25880
0.0;0;0;133597;0
0.28;122166;64609;133611;57557
0.0;0;0;133633;0
1.0;13457;7361;133648;6096
0.157;259443;105853;133651;153590
0.083;113035;33842;133656;79193
0.062;151728;16515;133675;135213
0.132;538105;210873;133681;327232
0.397;17774;5369;133697;12405
0.318;214519;81297;133711;133222
0.261;420780;154323;133713;266457
0.011;85070;588;133723;84482
0.205;271903;72035;133734;199868
0.0;0;0;133748;0
0.141;78556;42093;133766;36463
0.889;36381;32458;133801;3923
0.218;139345;54212;133816;85133
1.0;19524;19524;133926;0
0.269;18365;8837;133927;9528
0.414;247826;183994;133933;63832
1.0;58443;51503;133936;6940
0.113;39432;19078;133951;20354
0.258;33571;21396;133963;12175
0.353;157616;90566;133964;67050
0.522;55898;38456;133971;17442
0.335;270158;121414;133996;148744
0.178;63936;31130;134013;32806
0.48;90070;72443;134036;17627
0.355;735477;255225;134037;480252
0.26;240971;67090;134041;173881
0.449;246573;148964;134043;97609
0.221;54464;27625;134047;26839
0.0;0;0;134071;0
0.111;14040;1449;134095;12591
0.0;0;0;134172;0
0.0;0;0;134226;0
0.329;356489;193508;134252;162981
0.748;19052;18355;134279;697
0.343;127466;105552;134287;21914
0.468;182909;123030;134315;59879
0.0;0;0;134375;0
0.65;52868;47471;134518;5397
0.156;251128;97146;134594;153982
0.377;9005;8154;134607;851
0.0;0;0;134621;0
0.536;200718;140029;134650;60689
0.11;15129;6394;134657;8735
0.0;0;0;134658;0
0.395;44256;37590;134676;6666
0.0;0;0;134683;0
0.372;338077;114550;134695;223527
0.105;72450;26242;134729;46208
0.28;363004;192508;134734;170496
0.0;0;0;134736;0
0.0;0;0;134750;0
0.238;113029;20708;134752;92321
0.266;42005;29629;134756;12376
0.0;0;0;134758;0
0.0;0;0;134777;0
0.111;50105;20999;134790;29106
0.0;0;0;134794;0
0.0;0;0;134796;0
0.2;344425;124928;134798;219497
0.0;0;0;134805;0
0.0;0;0;134826;0
0.042;55403;13458;134844;41945
0.722;25373;16546;134852;8827
0.0;0;0;134864;0
0.318;179698;74274;134898;105424
0.392;24046;14701;134913;9345
0.345;281330;101080;134919;180250
0.459;131023;79897;134922;51126
0.232;20432;12834;134963;7598
0.113;182036;40373;134973;141663
0.345;113333;58724;134977;54609
0.0;0;0;134978;0
0.0;0;0;134982;0
0.335;222092;127536;134985;94556
0.228;120663;42115;134992;78548
0.176;12600;10040;135002;2560
0.442;33471;23824;135005;9647
0.424;123386;95863;135007;27523
0.182;569557;251590;135009;317967
0.065;118695;13152;135013;105543
0.12;689637;142878;135016;546759
0.0;0;0;135021;0
0.148;122265;40624;135025;81641
0.0;0;0;135032;0
0.0;0;0;135037;0
0.696;10113;9524;135042;589
0.209;207590;98938;135054;108652
0.0;0;0;135055;0
0.0;0;0;135060;0
0.199;143108;57154;135066;85954
0.309;478953;102043;135114;376910
0.0;0;0;135140;0
0.231;130648;96646;135150;34002
0.482;164350;55801;135158;108549
0.323;163345;67301;135168;96044
0.233;175260;71313;135186;103947
0.0;0;0;135189;0
0.382;31987;22033;135197;9954
0.837;21909;15293;135209;6616
0.172;58924;21961;135210;36963
0.24;156960;70559;135223;86401
0.427;181087;48052;135260;133035
0.271;43945;24249;135275;19696
0.0;0;0;135280;0
0.298;407220;258270;135288;148950
1.0;10192;10192;135291;0
0.0;0;0;135316;0
0.475;299035;238376;135317;60659
0.3;215296;122461;135348;92835
0.134;376422;179350;135369;197072
0.143;17207;9048;135421;8159
0.923;3381;2777;135477;604
0.061;247069;85844;135481;161225
0.0;0;0;135519;0
0.828;132805;94913;135527;37892
0.063;142209;24580;135580;117629
0.5;346;0;135603;346
0.509;192084;136907;135634;55177
0.308;81354;59667;135642;21687
0.0;0;0;135651;0
0.347;181633;135530;135663;46103
0.406;1015992;332520;135694;683472
0.118;300590;121748;135731;178842
1.0;2984;2984;135749;0
0.351;251395;129588;135771;121807
0.994;31967;27990;135840;3977
0.583;26504;21952;135841;4552
0.8;1849;1393;135844;456
0.587;33389;23392;135861;9997
1.0;1601;1601;135878;0
0.0;0;0;135894;0
0.05;212085;49318;135918;162767
0.0;0;0;135933;0
0.0;0;0;135960;0
0.0;0;0;135989;0
0.133;153951;69987;136041;83964
0.143;179033;27332;136077;151701
0.378;197653;152931;136124;44722
0.134;351702;101336;136162;250366
0.529;51611;38710;136194;12901
0.657;41035;28031;136200;13004
1.0;21089;20469;136215;620
0.096;152267;62999;136229;89268
0.0;0;0;136242;0
0.0;0;0;136253;0
0.04;141699;29908;136256;111791
0.511;625486;359928;136267;265558
0.23;236048;113253;136285;122795
0.375;432940;111909;136304;321031
1.0;18651;6217;136309;12434
0.0;0;0;136313;0
0.409;157901;80024;136329;77877
0.0;0;0;136332;0
0.509;14484;6762;136358;7722
0.398;71297;32385;136362;38912
0.223;47239;37848;136369;9391
1.0;0;0;136373;0
0.117;46811;10531;136376;36280
0.342;211307;159777;136387;51530
0.265;117908;61806;136392;56102
0.342;425056;227592;136396;197464
0.335;489746;240222;136399;249524
0.189;511050;167034;136403;344016
0.34;23080;4831;136408;18249
0.276;221282;104868;136413;116414
0.33;73037;53075;136452;19962
0.0;0;0;136465;0
0.0;0;0;136476;0
0.0;0;0;136481;0
0.068;8447;6662;136540;1785
0.0;0;0;136558;0
0.0;0;0;136567;0
0.0;0;0;136578;0
0.186;258777;128169;136589;130608
0.0;0;0;136590;0
0.0;0;0;136597;0
0.0;0;0;136625;0
0.219;35665;11910;136638;23755
0.245;172904;72929;136656;99975
0.0;0;0;136661;0
0.0;0;0;136662;0
0.373;321826;116402;136669;205424
0.191;146447;60942;136675;85505
0.281;173441;96182;136681;77259
0.46;13494;10818;136683;2676
0.0;0;0;136693;0
0.04;58756;25233;136707;33523
0.371;107065;61903;136766;45162
0.163;1446956;335501;136769;1111455
0.388;107551;75844;136789;31707
1.0;44274;39182;136792;5092
0.364;424422;241429;136899;182993
0.658;49381;30228;136908;19153
0.0;0;0;136940;0
0.157;3461;3233;136945;228
0.0;0;0;136950;0
0.658;27635;23595;136953;4040
0.122;556363;118974;136960;437389
0.193;134963;42702;136984;92261
0.367;110466;83519;137007;26947
0.235;16048;10613;137015;5435
0.419;48743;22544;137019;26199
0.641;51028;20432;137023;30596
0.208;138379;85658;137065;52721
0.362;1295375;450669;137070;844706
0.0;0;0;137109;0
0.0;0;0;137118;0
0.227;25373;6821;137121;18552
0.612;5627;5680;137148;53
0.367;100850;79814;137196;21036
0.0;0;0;137209;0
0.602;240111;69030;137258;171081
0.0;0;0;137297;0
0.38;168675;109660;137415;59015
0.277;346647;162100;137457;184547
0.326;1491313;387720;137481;1103593
0.551;120064;87563;137486;32501
0.361;118091;36912;137489;81179
0.7;3577;2648;137507;929
0.089;73661;47691;137626;25970
0.084;104818;41513;137633;63305
0.059;642031;139824;137637;502207
0.724;95044;69351;137642;25693
0.456;122524;51018;137654;71506
0.226;21768;8818;137676;12950
0.046;645781;96941;137688;548840
0.3;37730;32471;137789;5259
0.198;56662;12812;137795;43850
0.282;307241;170616;137815;136625
0.144;397283;78767;137834;318516
0.323;65722;35639;137848;30083
0.146;90399;24675;137849;65724
0.0;0;0;137876;0
0.078;18527;2090;137906;16437
0.065;62222;17881;137907;44341
0.0;0;0;137922;0
0.633;18418;15386;137926;3032
0.581;308106;133803;137928;174303
0.211;444777;176045;137957;268732
0.454;1429419;439900;137981;989519
0.341;129397;39447;137986;89950
1.0;3895;3895;137996;0
0.84;13030;10155;138006;2875
0.321;87029;43146;138010;43883
0.688;96879;55097;138036;41782
0.446;194845;139163;138039;55682
0.0;0;0;138090;0
0.0;0;0;138098;0
0.292;442964;119860;138109;323104
0.23;309703;149058;138111;160645
0.388;237371;110204;138120;127167
0.449;73942;54689;138157;19253
1.0;53034;30204;138181;22830
0.055;10557;5826;138231;4731
0.0;0;0;138252;0
0.334;180269;102415;138258;77854
0.0;0;0;138337;0
0.247;360111;109949;138363;250162
0.227;146057;63892;138376;82165
0.032;4291;0;138408;4291
1.0;0;0;138428;0
0.812;40809;36848;138453;3961
1.0;3100;3100;138604;0
0.0;0;0;138641;0
0.367;123913;72928;138724;50985
0.073;110928;22500;138734;88428
0.0;0;0;138747;0
0.0;0;0;138771;0
0.104;33311;7499;138780;25812
0.234;346385;105803;138787;240582
0.0;0;0;138797;0
0.341;368415;154501;138812;213914
0.022;104400;32307;138817;72093
0.342;63426;40796;138820;22630
0.0;0;0;138842;0
0.0;0;0;138892;0
0.288;70598;37688;138907;32910
0.0;0;0;138935;0
0.0;0;0;138963;0
0.0;0;0;138998;0
0.907;31402;18117;139002;13285
0.497;244055;187744;139019;56311
0.403;120142;80397;139022;39745
0.218;39332;13603;139027;25729
0.459;138576;72059;139052;66517
1.0;37131;37131;139061;0
0.0;0;0;139066;0
0.627;67432;39393;139069;28039
0.215;16746;12050;139079;4696
0.388;659984;279344;139083;380640
0.0;0;0;139095;0
0.401;11211;9738;139114;1473
0.193;27943;19266;139166;8677
0.207;52450;17810;139170;34640
0.333;23200;20711;139177;2489
0.105;780553;155643;139183;624910
0.274;264137;115670;139195;148467
0.511;210350;137856;139219;72494
0.023;6616;0;139250;6616
0.0;0;0;139265;0
0.0;0;0;139274;0
0.3;244271;103483;139279;140788
0.215;86778;37898;139298;48880
0.253;206051;63476;139300;142575
0.15;58185;29552;139333;28633
0.588;4741;3843;139362;898
0.0;0;0;139477;0
0.376;170050;113169;139525;56881
0.698;36331;13677;139557;22654
0.629;52840;45544;139563;7296
0.14;141029;34685;139571;106344
0.858;137606;82512;139581;55094
0.458;105646;83349;139602;22297
0.0;0;0;139643;0
0.325;302074;97541;139681;204533
0.412;162736;71122;139683;91614
0.0;0;0;139729;0
0.071;443;0;139739;443
0.0;0;0;139748;0
0.223;250192;111908;139753;138284
1.0;0;0;139762;0
0.211;239198;107683;139802;131515
1.0;0;0;139806;0
0.113;346925;150888;139815;196037
0.179;639820;191263;139836;448557
0.0;0;0;139888;0
0.865;17479;17393;139890;86
1.0;1208;1208;139915;0
0.042;29698;13038;139917;16660
0.508;232440;125238;139921;107202
0.897;139578;55283;139941;84295
0.238;161361;60400;139951;100961
0.0;0;0;139960;0
0.182;228245;100487;139964;127758
0.191;200021;84231;139967;115790
0.0;0;0;139980;0
0.064;22685;13428;139982;9257
0.717;70178;38600;139991;31578
0.0;0;0;140013;0
1.0;8188;8188;140028;0
0.168;145380;53050;140086;92330
0.0;0;0;140090;0
0.859;178138;93357;140096;84781
0.277;101720;59306;140098;42414
0.306;183126;113006;140099;70120
0.439;21795;12140;140119;9655
0.289;153208;52936;140121;100272
0.673;19317;17312;140193;2005
0.58;5115;4121;140199;994
0.0;0;0;140218;0
1.0;970;970;140236;0
0.371;438431;133598;140248;304833
1.0;3433;3433;140274;0
0.217;31504;18821;140301;12683
0.063;139689;47120;140313;92569
0.0;0;0;140315;0
0.264;158910;93754;140318;65156
0.259;52465;24608;140320;27857
0.319;75311;23185;140335;52126
0.191;98651;34463;140341;64188
0.143;348546;104008;140343;244538
0.149;436002;152478;140351;283524
0.0;0;0;140354;0
0.412;127173;76893;140355;50280
0.294;70757;58544;140358;12213
0.472;23016;14200;140360;8816
0.0;0;0;140366;0
0.122;323584;90096;140369;233488
0.323;310317;133990;140372;176327
0.0;0;0;140387;0
0.0;0;0;140389;0
0.264;566717;140558;140396;426159
0.314;369366;169163;140409;200203
0.376;91088;64716;140421;26372
0.512;47868;37841;140425;10027
0.263;455019;206643;140432;248376
0.567;67476;62794;140434;4682
0.43;261104;140856;140438;120248
0.2;945029;275898;140524;669131
0.196;902139;344098;140541;558041
0.261;861937;293135;140543;568802
0.152;192718;83100;140555;109618
0.0;0;0;140617;0
0.0;0;0;140713;0
0.342;152117;54580;140722;97537
0.0;0;0;140729;0
0.0;0;0;140732;0
0.0;0;0;140747;0
0.269;526840;229122;140752;297718
0.844;2869;2439;140761;430
0.0;0;0;140787;0
0.0;0;0;140835;0
0.158;61109;27179;140904;33930
0.0;0;0;140948;0
0.222;386803;137050;140993;249753
0.0;0;0;141002;0
0.06;49735;10611;141031;39124
0.223;51176;22606;141051;28570
0.573;28903;28649;141052;254
0.0;0;0;141071;0
0.371;117175;45215;141104;71960
0.408;70533;53041;141130;17492
0.742;5593;3634;141131;1959
0.199;164909;67242;141132;97667
0.124;338465;133403;141154;205062
0.529;407888;155352;141163;252536
0.254;145998;90591;141178;55407
0.618;82808;70443;141197;12365
0.95;58092;55236;141214;2856
0.0;0;0;141220;0
1.0;73249;31761;141223;41488
1.0;12963;7703;141240;5260
0.225;270931;141292;141242;129639
0.421;41396;17014;141257;24382
0.0;0;0;141262;0
0.065;33814;7488;141268;26326
0.0;0;0;141270;0
0.347;11544;9255;141271;2289
0.0;0;0;141297;0
1.0;9727;9727;141321;0
0.0;0;0;141330;0
0.0;0;0;141346;0
0.28;165963;73181;141358;92782
0.107;71978;45603;141375;26375
0.275;217544;117899;141377;99645
0.26;424279;142853;141400;281426
0.316;288969;86697;141410;202272
0.0;0;0;141415;0
0.293;614118;231384;141425;382734
0.0;0;0;141436;0
0.005;36437;0;141437;36437
0.516;42725;25169;141439;17556
0.0;0;0;141511;0
0.244;124010;48633;141524;75377
0.206;153904;90700;141531;63204
0.173;617277;179560;141540;437717
1.0;9727;9727;141563;0
1.0;6522;6522;141583;0
0.0;0;0;141592;0
0.324;338986;163844;141607;175142
0.0;0;0;141642;0
0.0;0;0;141657;0
0.059;180442;30593;141661;149849
1.0;5539;5539;141687;0
0.0;0;0;141690;0
1.0;3516;3516;141708;0
0.091;335664;99934;141720;235730
0.667;10895;10616;141735;279
0.718;20089;14800;141823;5289
0.0;0;0;141862;0
0.323;108660;59878;141865;48782
0.274;95100;45613;141880;49487
0.397;65881;34799;141883;31082
0.0;0;0;141890;0
0.0;0;0;141972;0
0.349;217518;54400;141990;163118
0.428;128095;66112;141998;61983
0.072;84779;24908;142023;59871
0.393;291454;197441;142027;94013
0.242;413049;168631;142031;244418
0.532;116652;94608;142033;22044
0.0;0;0;142035;0
0.0;0;0;142044;0
0.0;0;0;142052;0
0.276;55442;26740;142068;28702
0.35;164608;131542;142102;33066
0.735;9562;8025;142110;1537
1.0;33558;33558;142127;0
0.637;89292;63354;142139;25938
1.0;0;0;142143;0
0.206;114067;61794;142144;52273
0.146;168184;56402;142173;111782
0.477;19035;9434;142202;9601
0.0;0;0;142222;0
0.0;0;0;142234;0
0.06;79262;29134;142253;50128
0.03;13305;6168;142255;7137
0.35;77860;26136;142280;51724
0.989;164195;132345;142282;31850
0.0;0;0;142286;0
0.653;233292;140455;142300;92837
0.0;0;0;142308;0
0.671;37529;12276;142310;25253
0.247;73662;28823;142316;44839
0.0;0;0;142337;0
0.0;0;0;142351;0
0.633;52202;17728;142363;34474
0.0;0;0;142367;0
0.492;20389;8036;142397;12353
0.144;281121;99065;142410;182056
0.0;0;0;142420;0
0.256;200385;69458;142436;130927
0.692;11753;8970;142441;2783
0.126;158646;69451;142446;89195
0.122;52574;14467;142456;38107
0.132;96775;29707;142466;67068
0.17;311082;104218;142472;206864
0.27;1296455;456171;142473;840284
0.465;381392;237623;142485;143769
0.395;167350;106436;142487;60914
0.871;173856;148127;142490;25729
0.0;0;0;142532;0
1.0;24207;19304;142536;4903
0.0;0;0;142539;0
0.324;267459;119061;142602;148398
0.411;9554;2982;142620;6572
0.295;373412;90912;142640;282500
0.387;197555;71725;142648;125830
0.166;317555;113158;142664;204397
0.0;0;0;142666;0
0.0;0;0;142680;0
0.188;831608;185754;142685;645854
0.597;6777;4793;142686;1984
0.054;40233;13193;142695;27040
0.51;43905;35024;142717;8881
0.247;414565;167788;142727;246777
0.143;498576;101238;142735;397338
0.041;438059;89617;142753;348442
0.741;64841;21684;142782;43157
0.127;238107;35621;142793;202486
0.0;0;0;142843;0
1.0;173;173;142853;0
0.253;686318;269677;142856;416641
0.0;0;0;142920;0
0.46;538827;331320;142952;207507
0.686;13425;7809;142973;5616
0.158;120893;25246;142975;95647
0.0;0;0;142980;0
0.302;650020;272393;142990;377627
0.04;4456;0;142994;4456
0.394;261747;199533;142998;62214
0.339;255521;189843;143004;65678
0.0;0;0;143047;0
0.647;148192;97205;143064;50987
0.608;12833;6217;143070;6616
0.125;185303;47248;143075;138055
0.203;206947;93700;143076;113247
0.32;34796;28663;143081;6133
0.0;0;0;143082;0
0.535;96026;64015;143088;32011
0.0;0;0;143099;0
0.035;35334;8601;143106;26733
0.476;23499;13992;143129;9507
0.295;229311;107037;143152;122274
0.42;88007;42399;143164;45608
0.0;0;0;143180;0
0.13;341471;118744;143186;222727
0.1;945844;180080;143189;765764
0.0;0;0;143195;0
0.0;0;0;143219;0
0.0;0;0;143227;0
0.228;217490;99626;143237;117864
0.514;157813;109682;143280;48131
0.162;201417;78547;143326;122870
0.259;246526;188428;143353;58098
0.146;461909;190785;143360;271124
0.0;0;0;143369;0
0.507;85057;29104;143374;55953
0.304;167254;140535;143399;26719
0.608;129234;66955;143412;62279
0.374;1078976;400675;143426;678301
0.0;0;0;143437;0
1.0;5438;5437;143441;1
0.257;16834;8597;143523;8237
0.0;0;0;143574;0
0.479;22966;16042;143731;6924
0.314;1315705;436241;143732;879464
0.215;77824;40744;143763;37080
0.214;285679;131866;143764;153813
0.168;32019;29548;143766;2471
0.193;18656;11651;143774;7005
0.783;12375;11703;143775;672
0.148;208404;71122;143776;137282
0.401;246942;124190;143837;122752
0.206;665157;155434;143914;509723
0.993;25902;25557;143919;345
0.348;163472;50062;143942;113410
0.0;0;0;143996;0
0.487;158562;87864;143997;70698
0.0;0;0;144010;0
0.269;193410;85160;144015;108250
1.0;0;0;144016;0
0.699;36571;24544;144048;12027
0.17;563530;167052;144063;396478
1.0;21273;19547;144074;1726
0.0;0;0;144134;0
0.299;399065;116120;144146;282945
0.375;72888;32325;144150;40563
0.057;117023;22982;144167;94041
0.802;12067;10923;144172;1144
0.42;10175;7991;144204;2184
0.84;10469;7369;144211;3100
0.308;563853;256898;144252;306955
0.181;406783;139580;144255;267203
0.0;0;0;144259;0
0.0;0;0;144274;0
0.038;92634;14878;144282;77756
0.987;8259;8185;144284;74
0.133;142377;44595;144305;97782
0.899;21241;14337;144330;6904
0.253;28030;16368;144355;11662
0.372;17353;8929;144361;8424
0.333;512;8;144392;504
0.496;43290;24182;144443;19108
0.307;14826;9331;144466;5495
0.0;0;0;144467;0
0.206;40526;24988;144477;15538
0.519;40627;35981;144520;4646
0.377;8762;7836;144533;926
0.45;20720;19340;144543;1380
0.488;73915;36443;144565;37472
0.0;0;0;144572;0
0.27;8305;6644;144615;1661
0.094;405974;99411;144617;306563
0.0;0;0;144638;0
0.323;557046;203343;144641;353703
0.138;757613;254854;144702;502759
0.283;57536;33123;144737;24413
0.128;382713;130279;144755;252434
0.0;0;0;144760;0
0.0;0;0;144761;0
0.411;355166;138442;144764;216724
0.36;70773;62681;144791;8092
0.01;54970;6854;144810;48116
0.0;0;0;144830;0
0.311;75505;55971;144841;19534
0.623;48784;6616;144860;42168
0.512;69375;36748;144874;32627
0.101;323383;86638;144880;236745
1.0;9120;9120;144902;0
0.2;478111;184458;144944;293653
1.0;692;346;144965;346
0.0;0;0;144977;0
1.0;41281;27561;144982;13720
0.416;43339;26863;144991;16476
0.454;292962;197768;144996;95194
0.193;220008;99375;145001;120633
0.662;20945;19659;145015;1286
0.0;0;0;145036;0
0.333;9164;8273;145075;891
0.369;69670;56932;145091;12738
0.619;336705;77786;145176;258919
0.459;151602;117662;145192;33940
0.0;0;0;145209;0
1.0;9727;9727;145211;0
0.197;102280;29183;145300;73097
0.409;90471;73706;145301;16765
0.383;773605;368414;145317;405191
0.591;80369;34538;145374;45831
0.287;337398;70990;145393;266408
0.0;0;0;145397;0
1.0;8864;8864;145417;0
0.372;140722;102674;145442;38048
0.231;5089;4411;145455;678
0.0;0;0;145458;0
0.0;0;0;145473;0
0.0;0;0;145475;0
0.47;116530;65429;145481;51101
0.0;0;0;145520;0
0.707;27408;21428;145522;5980
0.292;97924;12267;145523;85657
0.0;0;0;145527;0
0.715;81728;48713;145536;33015
0.282;43661;22890;145541;20771
0.723;18924;15196;145545;3728
0.422;220675;130194;145548;90481
0.0;0;0;145552;0
0.257;13171;10903;145568;2268
0.35;745120;205223;145573;539897
0.0;0;0;145606;0
0.0;0;0;145634;0
0.0;0;0;145680;0
0.593;5249;5191;145709;58
0.413;108887;71009;145728;37878
0.0;0;0;145750;0
0.339;326628;134543;145845;192085
0.335;15138;7499;145869;7639
0.0;0;0;145891;0
0.185;436331;186321;145974;250010
0.0;0;0;145998;0
0.452;29766;9994;146016;19772
0.408;39841;21824;146048;18017
0.0;0;0;146062;0
0.589;22980;21361;146174;1619
0.0;0;0;146185;0
0.098;195083;44378;146198;150705
0.695;8490;7353;146238;1137
0.244;117876;93846;146250;24030
0.0;0;0;146299;0
0.189;83345;26784;146307;56561
0.0;0;0;146314;0
0.0;0;0;146350;0
0.198;16115;12467;146353;3648
0.282;99368;42570;146355;56798
0.879;185248;110674;146358;74574
0.344;75480;33189;146386;42291
0.577;135430;118330;146399;17100
0.398;155171;52969;146404;102202
1.0;18211;15010;146408;3201
0.321;228541;71188;146424;157353
0.309;229909;86224;146430;143685
0.511;114095;89225;146431;24870
0.033;148704;37689;146433;111015
0.38;244060;78416;146438;165644
0.149;114393;68137;146522;46256
0.322;1088146;226005;146526;862141
0.228;159432;84152;146531;75280
0.62;93177;45495;146542;47682
0.256;321904;132194;146556;189710
0.819;20610;13513;146567;7097
0.754;171873;107398;146606;64475
0.441;163658;110950;146618;52708
0.255;15370;7076;146619;8294
0.111;66474;22156;146621;44318
0.233;472550;165338;146637;307212
0.156;239847;77546;146666;162301
0.181;229981;51871;146676;178110
0.11;128636;51513;146677;77123
0.168;8872;5848;146679;3024
0.293;265562;144567;146688;120995
0.105;206957;33817;146704;173140
0.0;0;0;146713;0
0.381;503726;179477;146732;324249
0.415;49080;38992;146749;10088
0.125;456281;142835;146756;313446
0.113;709157;179656;146759;529501
0.287;602435;287081;146763;315354
0.163;60563;25405;146765;35158
0.0;0;0;146768;0
0.304;298767;144231;146807;154536
0.292;154066;86663;146811;67403
0.127;858878;226260;146822;632618
0.0;0;0;146829;0
0.179;91974;31118;146833;60856
0.067;10379;6762;146835;3617
0.0;0;0;146849;0
1.0;6217;6217;146855;0
0.184;29428;19639;146870;9789
0.0;0;0;146909;0
0.0;0;0;146911;0
0.282;150891;37447;146915;113444
0.0;0;0;146917;0
0.027;214186;56897;146921;157289
0.353;148702;92191;146961;56511
0.184;528668;151916;146964;376752
0.326;89264;63779;146978;25485
0.275;74725;32276;146980;42449
0.327;266793;162403;146981;104390
0.451;428149;226996;146985;201153
0.0;0;0;147004;0
0.0;0;0;147008;0
0.056;94478;17707;147012;76771
0.0;0;0;147014;0
0.0;0;0;147016;0
0.151;76916;21382;147021;55534
0.935;7354;7353;147045;1
0.306;228110;81931;147046;146179
0.078;92678;32015;147090;60663
0.091;351529;140153;147092;211376
0.236;158637;40612;147096;118025
0.129;285155;75812;147156;209343
0.186;16344;7544;147173;8800
0.061;399889;114173;147242;285716
0.0;0;0;147257;0
0.314;185014;95967;147269;89047
0.218;95901;44067;147282;51834
0.571;57513;49991;147284;7522
0.538;20281;6549;147322;13732
0.147;340037;159598;147332;180439
0.338;145355;57307;147341;88048
0.0;0;0;147389;0
0.0;0;0;147398;0
0.567;3416;3331;147408;85
0.0;0;0;147462;0
0.0;0;0;147495;0
0.0;0;0;147511;0
0.0;0;0;147539;0
0.0;0;0;147565;0
0.297;324465;163105;147621;161360
0.0;0;0;147640;0
0.089;199928;79628;147666;120300
0.963;5311;5290;147763;21
0.147;651325;146227;147777;505098
0.247;58429;16933;147892;41496
0.0;0;0;147937;0
0.123;106014;41175;147939;64839
0.0;0;0;147942;0
0.0;0;0;147968;0
0.414;124432;84133;147995;40299
0.287;74263;34530;148001;39733
0.0;0;0;148031;0
0.0;0;0;148069;0
0.046;35199;12992;148071;22207
0.461;147791;61052;148091;86739
0.414;36822;29165;148118;7657
0.099;135486;52495;148153;82991
0.358;43605;23889;148156;19716
1.0;11867;7906;148174;3961
0.707;67545;46046;148226;21499
0.87;139011;100663;148228;38348
0.0;0;0;148231;0
0.0;0;0;148256;0
0.625;77868;62161;148261;15707
0.437;46674;14021;148292;32653
0.0;0;0;148293;0
0.0;0;0;148306;0
0.331;198769;89921;148311;108848
0.0;0;0;148312;0
0.251;963870;262086;148321;701784
0.0;0;0;148333;0
0.166;39817;19402;148342;20415
1.0;3096;2798;148352;298
0.0;0;0;148362;0
0.0;0;0;148510;0
0.359;73640;40256;148527;33384
0.017;12434;0;148537;12434
0.562;117247;77832;148555;39415
0.0;0;0;148558;0
0.323;21317;14797;148568;6520
0.0;0;0;148570;0
0.757;14843;13717;148581;1126
0.0;0;0;148586;0
0.1;132615;40258;148651;92357
0.0;0;0;148687;0
0.0;0;0;148690;0
0.0;0;0;148701;0
0.808;18556;13451;148716;5105
0.125;44228;20679;148726;23549
0.294;12546;8074;148740;4472
0.0;0;0;148761;0
0.121;104945;59860;148766;45085
0.339;231349;126871;148802;104478
0.277;134438;71628;148805;62810
0.0;0;0;148854;0
0.371;234858;133660;148855;101198
0.138;622218;133054;148868;489164
0.19;153507;61225;148885;92282
0.255;14390;11433;148894;2957
0.154;179470;51856;148912;127614
0.489;75093;61372;148942;13721
0.664;26643;13015;148950;13628
0.192;27752;18155;148972;9597
0.335;186188;137272;148993;48916
0.0;0;0;149003;0
0.203;60093;30202;149013;29891
0.252;7876;4858;149036;3018
0.0;0;0;149045;0
0.177;41713;16374;149060;25339
1.0;7231;7231;149071;0
0.0;0;0;149109;0
0.0;0;0;149114;0
0.81;38246;23384;149124;14862
0.0;0;0;149127;0
0.0;0;0;149132;0
0.008;53458;17293;149137;36165
0.148;79261;26096;149138;53165
0.0;0;0;149142;0
0.0;0;0;149144;0
0.379;88474;31119;149151;57355
0.267;63725;50467;149152;13258
0.34;73887;40684;149171;33203
0.873;24442;11160;149176;13282
0.5;34505;19572;149182;14933
0.135;18197;10791;149183;7406
0.83;61639;49159;149188;12480
0.358;511556;271250;149214;240306
1.0;9033;9033;149239;0
0.782;13608;12161;149247;1447
0.138;25259;12999;149255;12260
1.0;1347;1347;149270;0
0.165;498210;167575;149281;330635
0.274;17865;14560;149283;3305
0.313;138179;93042;149290;45137
0.278;169633;96301;149293;73332
0.662;61480;38492;149299;22988
0.033;63840;13948;149323;49892
0.0;0;0;149328;0
1.0;19211;12631;149330;6580
0.092;93634;40134;149342;53500
0.497;45313;34295;149371;11018
0.0;0;0;149376;0
0.262;232662;109311;149380;123351
0.371;55661;28678;149387;26983
1.0;0;0;149393;0
0.454;125666;44617;149397;81049
0.737;47448;36722;149399;10726
0.0;0;0;149411;0
0.0;0;0;149412;0
0.127;684043;153723;149426;530320
0.0;0;0;149441;0
0.0;0;0;149472;0
0.087;83613;33484;149492;50129
0.0;0;0;149527;0
0.597;14785;9716;149556;5069
0.259;174515;79003;149563;95512
0.394;80118;39490;149605;40628
0.262;247456;106703;149633;140753
0.544;339047;226314;149638;112733
0.0;0;0;149641;0
0.0;0;0;149657;0
0.0;0;0;149667;0
0.0;0;0;149669;0
0.39;158848;48142;149694;110706
0.407;54888;25362;149709;29526
0.976;13079;12417;149732;662
0.0;0;0;149742;0
0.111;296456;87173;149784;209283
0.495;138176;98155;149791;40021
0.301;291908;108078;149822;183830
0.14;34897;12308;149823;22589
0.966;3038;2212;149834;826
0.0;0;0;149837;0
0.167;471624;146327;149851;325297
0.783;36397;31114;149856;5283
0.56;207751;155600;149882;52151
0.68;37048;22246;149887;14802
0.0;0;0;149928;0
0.368;187202;74327;149941;112875
0.0;0;0;149946;0
0.136;1424;1260;149966;164
0.52;14418;11769;150008;2649
0.0;0;0;150023;0
0.0;0;0;150045;0
0.464;276803;157995;150052;118808
0.0;0;0;150084;0
0.588;134058;85528;150123;48530
0.312;1072275;227935;150125;844340
0.209;475529;151944;150183;323585
0.179;147133;64713;150192;82420
0.295;309787;138182;150217;171605
0.191;500571;150853;150222;349718
0.0;0;0;150225;0
0.194;333463;101593;150228;231870
0.164;296724;105745;150237;190979
0.255;351794;152902;150244;198892
0.346;296019;118087;150257;177932
0.61;6997;2749;150284;4248
0.0;0;0;150287;0
0.0;0;0;150293;0
0.506;75584;39979;150323;35605
0.16;65654;33190;150329;32464
0.157;151490;80594;150341;70896
0.755;74694;61492;150360;13202
0.0;0;0;150410;0
0.0;0;0;150417;0
0.249;58371;23854;150432;34517
0.336;239648;147826;150439;91822
0.246;101955;57718;150545;44237
0.564;32625;25811;150568;6814
0.175;86928;40326;150570;46602
0.0;0;0;150649;0
0.549;42635;30662;150678;11973
0.0;0;0;150691;0
0.655;7714;5253;150693;2461
0.151;103783;30544;150704;73239
0.551;325167;151974;150705;173193
1.0;3795;2530;150712;1265
0.307;197476;127181;150720;70295
1.0;2174;2174;150721;0
0.114;80147;14696;150726;65451
0.451;52124;43788;150752;8336
0.832;32205;30015;150760;2190
0.0;0;0;150769;0
1.0;10748;10746;150952;2
0.521;95409;43257;150973;52152
0.318;66515;48920;150983;17595
0.0;0;0;150999;0
0.0;0;0;151012;0
0.308;359211;132265;151013;226946
0.133;41138;22489;151029;18649
0.175;158715;49140;151052;109575
0.415;208578;113194;151066;95384
0.0;0;0;151076;0
0.901;11722;10269;151079;1453
0.412;58598;26183;151099;32415
0.404;438878;161248;151117;277630
0.0;0;0;151139;0
0.0;0;0;151149;0
0.258;4253;2279;151173;1974
0.0;0;0;151179;0
0.344;262809;62987;151216;199822
0.89;18892;16071;151234;2821
0.0;0;0;151279;0
0.346;42007;15292;151297;26715
0.322;170757;80707;151298;90050
0.212;120485;47512;151300;72973
0.377;255160;164500;151306;90660
0.39;149273;62285;151335;86988
0.343;151564;51334;151364;100230
0.0;0;0;151375;0
0.0;0;0;151382;0
0.377;207626;68561;151393;139065
0.0;0;0;151401;0
0.437;82727;68960;151410;13767
0.124;211123;73365;151443;137758
0.075;47005;12445;151465;34560
0.365;17243;16064;151480;1179
0.0;0;0;151509;0
0.123;252447;43329;151521;209118
0.495;54936;37330;151522;17606
0.952;2033;2135;151540;102
0.0;0;0;151546;0
0.55;70312;46667;151635;23645
0.0;0;0;151679;0
0.0;0;0;151682;0
0.398;98959;70119;151694;28840
0.304;103250;45284;151697;57966
0.472;81983;67610;151719;14373
0.644;43472;39759;151722;3713
0.408;194792;117466;151781;77326
0.347;207611;75452;151794;132159
0.539;101928;77097;151800;24831
0.261;281193;162929;151803;118264
0.3;98295;39850;151812;58445
0.429;102486;77516;151813;24970
0.463;62064;46167;151819;15897
0.425;354867;159286;151833;195581
0.0;0;0;151840;0
0.126;22612;2821;151844;19791
0.173;818428;179090;151848;639338
0.244;102019;20438;151923;81581
0.465;39010;26655;151974;12355
0.0;0;0;151983;0
0.301;163695;86093;151984;77602
0.0;0;0;151994;0
0.815;28939;23786;151996;5153
0.454;79980;52104;152006;27876
0.426;131336;74587;152109;56749
0.683;59061;36558;152151;22503
0.0;0;0;152179;0
0.32;69787;31924;152228;37863
0.635;188416;160537;152230;27879
0.877;53148;34793;152237;18355
0.41;384307;255325;152241;128982
0.378;288305;167793;152245;120512
0.342;234535;156069;152247;78466
0.23;201132;80798;152250;120334
0.091;191514;68361;152256;123153
0.243;32617;18636;152272;13981
0.0;0;0;152277;0
0.193;285108;144806;152279;140302
0.476;366192;249324;152292;116868
0.0;0;0;152294;0
0.3;195157;118768;152311;76389
0.0;0;0;152323;0
0.081;42750;17652;152325;25098
0.0;0;0;152342;0
0.0;0;0;152353;0
0.0;0;0;152361;0
1.0;0;0;152362;0
0.0;0;0;152404;0
0.488;59246;39008;152409;20238
0.0;0;0;152422;0
0.809;26197;11479;152428;14718
0.0;0;0;152439;0
0.765;13345;6597;152460;6748
0.864;12007;10511;152478;1496
0.0;0;0;152485;0
0.205;36958;10136;152497;26822
0.153;98770;36960;152509;61810
0.0;0;0;152516;0
0.0;0;0;152532;0
0.0;0;0;152535;0
0.0;0;0;152551;0
0.23;107879;54490;152580;53389
0.342;386568;144722;152639;241846
0.0;0;0;152651;0
0.237;174439;66680;152653;107759
0.135;244327;100156;152662;144171
0.0;0;0;152710;0
0.185;186377;102329;152719;84048
0.155;354075;86296;152728;267779
0.0;0;0;152747;0
0.617;76812;42588;152842;34224
0.197;218828;99928;152968;118900
0.089;40403;19411;152985;20992
0.394;102471;59357;153014;43114
1.0;0;0;153045;0
0.302;85945;48367;153046;37578
0.0;0;0;153055;0
0.211;312519;84138;153056;228381
0.0;0;0;153060;0
0.556;96539;55628;153077;40911
0.363;124458;45466;153081;78992
0.239;99984;37848;153083;62136
0.0;0;0;153089;0
0.825;12866;12210;153109;656
0.257;11262;8873;153117;2389
0.0;0;0;153155;0
1.0;3100;3100;153209;0
0.57;139331;78108;153233;61223
0.0;0;0;153234;0
0.113;56646;27382;153252;29264
0.575;71273;34354;153276;36919
0.239;406220;165226;153338;240994
0.633;10764;10521;153349;243
0.004;46612;0;153351;46612
0.576;183566;130193;153356;53373
0.0;0;0;153363;0
0.19;86140;37406;153367;48734
0.328;266165;138072;153386;128093
0.106;125470;26445;153437;99025
0.478;109622;93676;153489;15946
0.0;0;0;153532;0
0.421;132096;44226;153535;87870
0.0;0;0;153549;0
1.0;0;0;153552;0
0.0;0;0;153553;0
0.0;0;0;153562;0
0.0;0;0;153582;0
0.469;116921;64663;153610;52258
0.0;0;0;153626;0
0.167;90977;29355;153680;61622
0.202;104038;55875;153691;48163
0.0;0;0;153699;0
0.0;0;0;153704;0
0.316;12917;10003;153806;2914
0.696;15525;9880;153808;5645
0.0;0;0;153837;0
0.421;44342;19680;153845;24662
0.232;271697;114891;153852;156806
0.56;96194;72120;153861;24074
0.511;28867;18765;153870;10102
0.016;19007;0;153903;19007
0.297;70180;12321;153931;57859
0.3;139740;86597;153937;53143
0.739;34315;27705;153945;6610
0.0;0;0;153947;0
0.167;47904;12615;153965;35289
1.0;14954;13074;153969;1880
0.507;194757;91423;153997;103334
0.681;121632;67564;154001;54068
0.0;0;0;154006;0
0.978;81009;71267;154014;9742
0.272;564241;183113;154015;381128
0.0;0;0;154032;0
0.444;11647;8470;154051;3177
0.323;130335;91319;154062;39016
0.124;297610;135963;154064;161647
0.37;31991;13370;154068;18621
0.239;61599;36729;154072;24870
0.196;691264;187533;154076;503731
0.956;5128;4788;154087;340
0.169;961580;328541;154095;633039
0.054;172472;67942;154120;104530
0.078;6916;4798;154124;2118
0.0;0;0;154175;0
0.358;55481;33756;154218;21725
0.09;46735;21227;154223;25508
0.207;33181;17666;154234;15515
0.773;43290;32266;154273;11024
0.26;128209;25577;154275;102632
0.476;69643;51578;154278;18065
0.0;0;0;154280;0
0.159;120472;51164;154291;69308
0.0;0;0;154308;0
0.487;50158;25264;154309;24894
0.385;100760;48400;154345;52360
0.149;531407;139411;154353;391996
0.247;359364;104925;154356;254439
0.0;0;0;154380;0
0.521;117914;62292;154384;55622
0.117;406338;172889;154401;233449
0.354;555129;190780;154406;364349
0.096;6492;3518;154426;2974
0.615;442592;287954;154443;154638
1.0;140763;106822;154445;33941
0.845;18533;17315;154449;1218
0.11;42382;18486;154479;23896
0.0;0;0;154481;0
0.833;1056;1034;154493;22
0.237;257517;157375;154504;100142
0.032;161624;34754;154521;126870
0.811;8077;7084;154533;993
0.084;508504;147181;154534;361323
0.279;355779;100579;154553;255200
0.0;0;0;154562;0
0.127;327445;156993;154566;170452
0.089;150674;37921;154581;112753
0.161;76161;41611;154601;34550
0.694;764534;386785;154627;377749
0.204;117544;65246;154628;52298
0.593;89442;56550;154654;32892
0.613;18699;14437;154659;4262
0.09;917188;199950;154665;717238
0.879;32885;25606;154670;7279
0.596;18307;11822;154694;6485
0.33;276751;128570;154708;148181
0.023;23238;10844;154717;12394
0.0;0;0;154726;0
0.262;56911;17481;154731;39430
0.306;135823;87577;154751;48246
0.366;201157;63063;154774;138094
0.374;174296;55004;154826;119292
0.0;0;0;154833;0
0.0;0;0;154860;0
0.465;29911;3117;154865;26794
0.622;200305;123621;154872;76684
0.261;239563;112159;154878;127404
0.53;70569;37161;154898;33408
0.119;616316;192859;154912;423457
0.077;139121;44307;154929;94814
0.27;41437;29728;154931;11709
1.0;0;0;154932;0
0.48;122615;75045;154937;47570
0.14;182727;47632;154956;135095
0.164;534925;186046;154966;348879
0.391;173229;90874;154985;82355
0.427;58883;26910;154988;31973
0.0;0;0;154995;0
0.115;61131;31783;155003;29348
0.0;0;0;155006;0
0.0;0;0;155037;0
0.251;194330;67305;155074;127025
0.0;0;0;155086;0
0.234;178694;79521;155088;99173
1.0;9215;9215;155171;0
1.0;1809;1809;155284;0
0.556;118393;102237;155285;16156
0.0;0;0;155325;0
0.0;0;0;155376;0
0.243;267689;121526;155423;146163
0.327;252460;171243;155426;81217
0.0;0;0;155440;0
0.49;17890;16270;155441;1620
0.35;68061;28510;155450;39551
0.116;571054;120380;155451;450674
0.962;107663;72021;155454;35642
0.196;368816;112006;155457;256810
0.144;232541;57411;155460;175130
0.536;23556;21465;155467;2091
0.0;0;0;155470;0
0.0;0;0;155480;0
0.0;0;0;155482;0
0.585;95997;72127;155493;23870
0.0;0;0;155500;0
0.0;0;0;155501;0
0.247;407452;153354;155504;254098
0.0;0;0;155541;0
0.412;50858;31186;155544;19672
0.0;0;0;155545;0
0.65;13024;12005;155552;1019
0.0;0;0;155557;0
0.248;15244;10449;155563;4795
0.317;224717;141083;155572;83634
0.334;161386;98379;155574;63007
0.152;31213;12413;155577;18800
0.579;51198;41080;155584;10118
0.114;59170;25896;155594;33274
0.62;84485;55358;155596;29127
0.73;42069;25480;155599;16589
0.272;200444;104630;155608;95814
0.245;265699;125755;155611;139944
0.276;111804;50913;155612;60891
0.0;0;0;155614;0
0.164;6232;5505;155618;727
0.0;0;0;155625;0
0.0;0;0;155632;0
0.204;280325;136955;155634;143370
0.337;23071;18922;155637;4149
0.25;204098;66030;155638;138068
0.185;11579;4112;155643;7467
0.0;0;0;155648;0
0.541;88694;65277;155653;23417
0.0;0;0;155654;0
0.083;76113;30477;155658;45636
0.243;62635;34069;155671;28566
0.076;131932;36948;155680;94984
0.232;217547;117216;155681;100331
0.0;0;0;155689;0
0.0;0;0;155773;0
0.27;7132;6012;155783;1120
0.032;28177;9336;155788;18841
0.0;0;0;155809;0
0.522;226506;150542;155817;75964
0.0;0;0;155819;0
0.229;141411;60349;155824;81062
0.0;0;0;155831;0
0.307;536303;253401;155838;282902
0.307;54756;27024;155844;27732
0.102;7710;4438;155845;3272
0.365;24853;14441;155846;10412
0.506;370327;218955;155849;151372
0.0;0;0;155856;0
0.727;19671;15684;155872;3987
0.176;659910;207042;155886;452868
0.0;0;0;155901;0
0.222;92699;53361;155913;39338
0.087;243412;62294;155971;181118
0.247;189981;66301;155978;123680
0.447;183607;79833;155982;103774
0.466;127184;94012;155984;33172
0.508;145257;86622;156002;58635
0.357;807052;278548;156011;528504
0.264;678671;163441;156033;515230
0.0;0;0;156060;0
0.276;131201;58119;156098;73082
1.0;0;0;156155;0
0.433;186465;147566;156188;38899
0.0;0;0;156258;0
0.0;0;0;156265;0
1.0;4135;4135;156273;0
0.0;0;0;156276;0
0.0;0;0;156286;0
0.427;94783;44257;156296;50526
0.0;0;0;156327;0
0.0;0;0;156355;0
0.224;544839;173443;156375;371396
0.0;0;0;156390;0
0.537;522426;289657;156392;232769
0.0;0;0;156407;0
0.433;35624;31979;156413;3645
0.0;0;0;156429;0
0.382;172612;116006;156431;56606
1.0;0;0;156434;0
0.882;49734;48050;156441;1684
0.839;146676;75444;156446;71232
0.0;0;0;156447;0
0.403;59828;41602;156505;18226
1.0;0;0;156519;0
0.533;15266;5392;156534;9874
0.0;0;0;156549;0
0.253;93149;41306;156555;51843
0.434;24047;21300;156564;2747
0.0;0;0;156573;0
0.0;0;0;156601;0
0.216;345917;111274;156605;234643
0.291;58873;30635;156621;28238
0.202;133657;39661;156626;93996
0.108;65174;19586;156640;45588
0.168;219187;75942;156669;143245
0.431;88006;64571;156711;23435
0.0;0;0;156720;0
0.223;209866;78571;156730;131295
0.255;433248;145379;156731;287869
0.67;129119;103131;156761;25988
0.462;92966;68883;156766;24083
0.225;88678;49282;156778;39396
0.354;104184;65767;156788;38417
0.569;65253;44838;156848;20415
0.548;35034;22489;156896;12545
0.091;71877;18526;156915;53351
0.0;0;0;156918;0
0.396;155798;133186;157030;22612
0.267;61568;17081;157043;44487
0.0;0;0;157063;0
0.0;0;0;157073;0
1.0;0;0;157085;0
0.0;0;0;157103;0
0.48;192625;118646;157107;73979
0.386;68916;47911;157108;21005
0.236;261511;96380;157111;165131
0.0;0;0;157114;0
0.611;193550;81030;157123;112520
0.0;0;0;157126;0
0.122;224744;103735;157137;121009
0.09;347170;78862;157142;268308
0.572;167726;99611;157144;68115
0.169;205129;71562;157153;133567
0.263;271082;101122;157156;169960
1.0;49178;35438;157170;13740
0.241;121308;46399;157172;74909
0.14;538673;153112;157176;385561
0.389;170587;60372;157179;110215
0.0;0;0;157199;0
0.176;121588;55792;157225;65796
0.146;20356;10318;157246;10038
0.501;99430;68144;157251;31286
0.294;118225;61805;157255;56420
0.0;0;0;157256;0
0.0;0;0;157263;0
0.397;139553;113298;157264;26255
0.0;0;0;157271;0
1.0;43323;43323;157285;0
0.362;202222;106450;157290;95772
0.0;0;0;157298;0
0.127;193530;60872;157301;132658
0.0;0;0;157303;0
0.403;207636;136101;157305;71535
0.295;55064;36913;157373;18151
0.78;110579;76648;157393;33931
0.0;0;0;157395;0
0.0;0;0;157408;0
0.438;235326;185696;157420;49630
0.38;32092;24265;157421;7827
0.47;154112;66425;157449;87687
0.0;0;0;157489;0
0.264;96186;21076;157495;75110
0.0;0;0;157672;0
0.453;523878;296603;157741;227275
0.253;109747;72431;157804;37316
0.227;37976;26625;157830;11351
0.152;346997;98310;157835;248687
0.77;31401;28559;157846;2842
0.0;0;0;157864;0
1.0;1684;1684;158078;0
0.806;10203;7849;158081;2354
0.0;0;0;158083;0
1.0;3100;3100;158118;0
0.377;36962;31656;158145;5306
0.102;46150;17560;158154;28590
0.194;408977;77377;158160;331600
0.0;0;0;158161;0
0.289;414125;173482;158164;240643
0.176;229459;90718;158188;138741
0.709;37568;28651;158226;8917
0.283;162410;125812;158277;36598
0.576;19056;11737;158279;7319
0.63;22636;18988;158307;3648
0.0;0;0;158320;0
0.0;0;0;158346;0
0.0;0;0;158354;0
0.315;1248938;320873;158386;928065
0.0;0;0;158429;0
0.0;0;0;158431;0
0.301;442994;162514;158446;280480
0.856;88309;69133;158454;19176
0.199;29993;18656;158458;11337
0.503;129098;93511;158462;35587
0.0;0;0;158477;0
0.0;0;0;158501;0
0.975;91208;67812;158511;23396
0.163;8049;1597;158516;6452
0.327;18209;14400;158558;3809
0.503;205396;120253;158565;85143
0.322;63315;35797;158572;27518
0.757;36460;34513;158574;1947
0.476;335459;175192;158575;160267
0.286;22632;16476;158578;6156
0.018;61414;14627;158593;46787
0.754;42629;35386;158606;7243
0.0;0;0;158683;0
0.456;139167;107891;158698;31276
0.53;82076;43429;158700;38647
0.128;117575;46561;158703;71014
0.0;0;0;158733;0
0.369;85131;46339;158741;38792
0.0;0;0;158749;0
0.0;0;0;158753;0
1.0;10669;10669;158763;0
0.883;16726;14103;158776;2623
0.678;242037;127509;158778;114528
0.508;447893;236759;158851;211134
1.0;0;0;158882;0
0.784;26228;21128;158898;5100
0.0;0;0;158927;0
0.277;56015;39613;158931;16402
0.382;23989;19240;158947;4749
0.0;0;0;158951;0
0.0;0;0;158969;0
0.586;9359;9300;158978;59
0.0;0;0;158980;0
0.519;197750;93790;158986;103960
0.0;0;0;159011;0
0.312;96779;38070;159027;58709
0.475;7724;5925;159034;1799
0.487;33178;28135;159049;5043
0.061;70351;32763;159059;37588
0.117;158348;54393;159061;103955
0.226;69080;40839;159075;28241
0.853;32555;16267;159100;16288
0.061;28992;16427;159129;12565
0.0;0;0;159155;0
0.0;0;0;159160;0
1.0;2949;2949;159164;0
1.0;4068;4068;159165;0
0.056;29550;16302;159208;13248
0.242;114116;68850;159221;45266
0.0;0;0;159230;0
0.31;4924;4154;159234;770
1.0;1967;1967;159240;0
0.344;246448;108017;159244;138431
0.206;118735;51835;159246;66900
1.0;20744;20744;159249;0
0.29;198098;102715;159257;95383
0.0;0;0;159267;0
0.0;0;0;159271;0
0.053;265786;68467;159276;197319
0.477;194627;138902;159298;55725
0.8;7534;7673;159300;139
0.0;0;0;159310;0
0.0;0;0;159316;0
0.656;4779;3795;159345;984
0.0;0;0;159355;0
0.774;59344;51524;159364;7820
0.466;162585;77197;159371;85388
1.0;2310;2310;159372;0
0.622;84504;41854;159373;42650
0.306;42358;31626;159378;10732
0.0;0;0;159401;0
0.537;182159;138062;159433;44097
0.0;0;0;159457;0
0.212;29049;17149;159459;11900
0.379;349072;193032;159516;156040
0.328;51709;36630;159545;15079
0.571;46573;25787;159546;20786
0.814;11140;8272;159550;2868
0.0;0;0;159574;0
0.295;454250;238469;159577;215781
0.178;521622;197075;159620;324547
0.397;340573;141893;159629;198680
0.083;228739;46912;159632;181827
0.503;405964;195935;159638;210029
0.207;557810;212645;159640;345165
0.536;24486;18084;159674;6402
0.0;0;0;159676;0
0.313;405838;188295;159679;217543
0.24;418070;138828;159685;279242
0.213;299453;92589;159689;206864
0.187;171237;63775;159750;107462
0.0;0;0;159771;0
0.193;46402;12912;159774;33490
0.369;126366;52450;159785;73916
0.232;242615;89490;159820;153125
0.267;143245;91632;159821;51613
0.33;115247;73536;159824;41711
1.0;869;869;159846;0
0.142;28470;18677;159859;9793
0.378;121815;81830;159860;39985
0.0;0;0;159866;0
0.284;39314;29798;159867;9516
0.0;0;0;159869;0
0.267;3902;661;159873;3241
0.0;0;0;159884;0
0.27;696122;314861;159887;381261
1.0;4378;4378;159894;0
0.0;0;0;159900;0
0.0;0;0;159915;0
0.0;0;0;159921;0
0.0;0;0;159929;0
0.0;0;0;159986;0
0.0;0;0;159987;0
0.485;13505;7041;159993;6464
0.0;0;0;160025;0
0.457;125726;84486;160037;41240
0.183;411908;78032;160048;333876
0.33;439459;195808;160058;243651
0.095;358119;99630;160069;258489
0.463;192207;84270;160071;107937
0.351;286112;164548;160076;121564
0.329;205273;56619;160077;148654
0.482;34026;30530;160087;3496
0.0;0;0;160096;0
0.182;235629;115202;160109;120427
0.173;488549;141836;160133;346713
1.0;4566;4566;160140;0
0.609;48257;41116;160178;7141
0.351;162116;72228;160194;89888
0.385;666789;315684;160230;351105
0.166;635230;148043;160245;487187
0.0;0;0;160289;0
0.42;298152;115697;160294;182455
0.0;0;0;160301;0
0.732;89388;70214;160322;19174
1.0;1211;1211;160328;0
0.341;1405522;347170;160366;1058352
0.748;79869;58516;160437;21353
0.557;46163;29520;160452;16643
0.431;458827;161407;160457;297420
0.322;356401;203221;160483;153180
0.139;55400;18819;160612;36581
1.0;0;0;160640;0
0.358;279280;120916;160647;158364
0.0;0;0;160648;0
0.212;336020;86040;160650;249980
0.153;343424;120440;160657;222984
0.192;439683;144007;160665;295676
0.0;0;0;160673;0
0.0;0;0;160677;0
0.0;0;0;160678;0
0.293;230045;148068;160687;81977
1.0;2641;2641;160691;0
0.634;8045;7766;160707;279
0.111;630989;86145;160710;544844
0.535;6544;6392;160731;152
0.173;248720;104068;160749;144652
0.125;93141;41748;160787;51393
0.044;2513;1944;160805;569
0.095;183029;50037;160908;132992
0.397;172157;111790;160916;60367
0.0;0;0;160944;0
0.0;0;0;160945;0
0.0;0;0;161039;0
1.0;4537;3762;161101;775
0.569;21990;16420;161112;5570
0.0;0;0;161120;0
0.606;126813;110296;161125;16517
0.0;0;0;161139;0
0.0;0;0;161151;0
0.072;244377;80066;161153;164311
0.0;0;0;161184;0
0.0;0;0;161195;0
0.716;17015;16526;161198;489
0.737;43848;36670;161212;7178
1.0;1312;1312;161213;0
0.0;0;0;161223;0
0.107;114888;34918;161321;79970
0.186;162400;74324;161340;88076
0.0;0;0;161354;0
0.156;187454;59711;161355;127743
0.135;173397;97773;161356;75624
0.0;0;0;161372;0
0.375;55174;44030;161381;11144
0.446;187998;111817;161391;76181
0.252;103839;29013;161393;74826
0.149;64815;16175;161394;48640
0.497;59066;40250;161426;18816
0.336;116009;52624;161480;63385
0.953;73483;45604;161488;27879
0.0;0;0;161495;0
0.509;10946;8756;161502;2190
0.416;819077;295449;161517;523628
0.315;29951;16461;161521;13490
0.318;95430;33078;161522;62352
0.0;0;0;161532;0
0.0;0;0;161610;0
0.579;57726;40669;161626;17057
0.017;16945;0;161651;16945
0.122;130125;53011;161661;77114
0.122;229827;62183;161669;167644
0.421;218198;124717;161677;93481
0.243;21527;9152;161679;12375
0.258;138434;63186;161681;75248
0.0;0;0;161702;0
0.299;146633;79318;161705;67315
0.0;0;0;161732;0
0.782;19130;15852;161744;3278
0.0;0;0;161748;0
0.0;0;0;161756;0
1.0;3100;3100;161764;0
0.317;145214;68546;161767;76668
0.574;31147;18930;161776;12217
0.0;0;0;161777;0
0.0;0;0;161782;0
0.0;0;0;161791;0
0.124;441167;105503;161792;335664
0.546;364189;231470;161798;132719
0.0;0;0;161799;0
0.0;0;0;161813;0
0.0;0;0;161864;0
0.286;58662;45540;161888;13122
0.158;37623;17834;161893;19789
0.438;57747;39692;161905;18055
0.135;34097;12603;161910;21494
0.318;58408;44210;161929;14198
1.0;2355;2355;161955;0
0.284;10368;8884;162018;1484
0.395;77973;44563;162034;33410
0.202;305958;122302;162041;183656
0.0;0;0;162046;0
0.0;0;0;162064;0
0.0;0;0;162082;0
0.332;245876;135005;162083;110871
1.0;2906;2906;162095;0
1.0;3922;3922;162101;0
0.051;57174;8309;162137;48865
0.0;0;0;162158;0
0.768;118513;90683;162180;27830
0.233;187048;68593;162183;118455
0.0;0;0;162193;0
0.0;0;0;162206;0
0.232;351102;114594;162219;236508
0.989;7310;7224;162221;86
0.274;71599;42674;162226;28925
0.362;169762;73293;162239;96469
0.426;65030;41357;162266;23673
0.054;698926;149372;162267;549554
0.979;14673;14381;162278;292
0.094;31945;17232;162298;14713
0.113;84893;18004;162316;66889
0.0;0;0;162323;0
0.0;0;0;162325;0
0.0;0;0;162339;0
0.0;0;0;162344;0
0.309;288299;92776;162360;195523
0.0;0;0;162373;0
1.0;26313;26313;162380;0
0.778;13742;4659;162389;9083
0.28;75310;38408;162391;36902
0.414;150681;52146;162395;98535
0.278;441442;170892;162402;270550
0.419;334634;227793;162406;106841
0.963;143723;129638;162410;14085
0.463;298096;191231;162429;106865
0.763;54416;51058;162431;3358
0.362;173167;96215;162496;76952
0.57;153476;58515;162498;94961
0.529;68438;53752;162508;14686
1.0;0;0;162538;0
0.0;0;0;162570;0
0.628;41370;29673;162573;11697
0.235;38584;20743;162604;17841
0.211;53077;27066;162647;26011
0.225;122048;44575;162649;77473
0.0;0;0;162655;0
0.0;0;0;162661;0
0.777;64772;40671;162681;24101
0.235;53034;39730;162700;13304
0.0;0;0;162723;0
0.294;906189;201875;162726;704314
0.539;99148;50353;162748;48795
0.601;33973;27148;162751;6825
0.362;134302;100468;162811;33834
0.825;113132;46131;162834;67001
0.078;135453;43907;162836;91546
0.562;9484;5120;162852;4364
0.185;955189;191137;162854;764052
0.238;17567;10044;162863;7523
0.352;113867;71210;162864;42657
0.2;2625;520;162865;2105
0.469;126690;90575;162931;36115
0.0;0;0;162968;0
0.939;13914;6042;162970;7872
0.932;51866;37686;162978;14180
0.0;0;0;162993;0
0.434;150389;112213;162997;38176
0.046;259883;44116;163068;215767
0.912;104328;66172;163072;38156
0.0;0;0;163086;0
0.558;81236;63936;163088;17300
0.24;90087;53925;163177;36162
0.0;0;0;163180;0
0.962;13784;13418;163195;366
0.03;33342;15293;163204;18049
0.257;150380;89059;163205;61321
0.476;18898;17135;163248;1763
0.243;19287;12375;163297;6912
0.0;0;0;163305;0
0.203;277797;88631;163321;189166
0.33;188652;87430;163324;101222
0.401;163155;113671;163338;49484
0.323;203406;133624;163343;69782
0.877;20149;16032;163347;4117
0.0;0;0;163354;0
0.482;48103;25404;163356;22699
1.0;33094;33094;163364;0
0.353;323476;138202;163367;185274
1.0;3294;3294;163373;0
0.601;149251;97322;163449;51929
0.043;76580;35688;163468;40892
0.293;56521;42959;163495;13562
0.152;67525;30468;163513;37057
0.399;41320;36891;163524;4429
0.531;4182;4011;163589;171
0.019;35486;13744;163591;21742
0.0;0;0;163596;0
0.458;13907;12114;163608;1793
0.0;0;0;163651;0
0.283;78879;26115;163676;52764
0.973;10916;6901;163698;4015
0.305;22638;17380;163705;5258
0.038;36022;16501;163718;19521
0.238;95587;39499;163753;56088
0.046;86123;22839;163758;63284
0.526;78065;46000;163760;32065
0.202;253636;113489;163776;140147
0.756;119192;100515;163798;18677
0.772;97429;56305;163881;41124
0.182;255953;96687;163948;159266
0.371;28492;15720;163981;12772
0.244;101199;55790;163985;45409
0.425;262116;183048;163993;79068
0.099;76698;16583;164001;60115
0.451;218086;157559;164013;60527
0.0;0;0;164016;0
0.0;0;0;164017;0
0.981;86582;67382;164029;19200
0.314;240232;156812;164049;83420
0.752;10119;7393;164056;2726
0.557;53837;37024;164067;16813
0.0;0;0;164121;0
0.454;25275;18130;164123;7145
0.0;0;0;164134;0
0.516;174331;148650;164142;25681
0.129;113045;39739;164153;73306
0.185;349969;167830;164164;182139
0.0;0;0;164172;0
0.0;0;0;164179;0
0.332;786331;292545;164180;493786
0.31;242527;148857;164184;93670
0.814;33186;29367;164201;3819
0.419;638073;271602;164203;366471
0.0;0;0;164205;0
0.578;196516;134643;164212;61873
0.222;252492;77277;164213;175215
0.187;72464;35500;164214;36964
0.954;22828;21991;164263;837
0.103;32380;19986;164300;12394
0.498;111608;94543;164315;17065
0.348;79404;27921;164317;51483
0.442;122441;39854;164362;82587
0.739;13335;12343;164363;992
0.293;23945;15267;164368;8678
0.591;90229;55488;164381;34741
0.0;0;0;164397;0
0.974;37219;27591;164463;9628
0.0;0;0;164500;0
0.325;337116;78786;164532;258330
0.411;894849;243095;164536;651754
0.334;67188;40838;164552;26350
0.448;82812;66331;164554;16481
1.0;4862;4862;164562;0
0.0;0;0;164568;0
0.0;0;0;164572;0
0.322;240674;118041;164574;122633
0.134;7198;6402;164583;796
0.636;2672;1533;164589;1139
0.323;98414;59901;164594;38513
0.0;0;0;164602;0
0.612;153979;121296;164612;32683
0.485;180601;143974;164614;36627
0.617;10162;9253;164619;909
0.0;0;0;164627;0
0.395;49757;35054;164677;14703
0.315;491077;76839;164681;414238
1.0;23106;23106;164695;0
0.0;0;0;164727;0
0.312;109954;69530;164736;40424
0.739;43072;35757;164789;7315
0.349;818000;248833;164792;569167
0.504;45314;37455;164794;7859
0.0;0;0;164797;0
0.0;0;0;164801;0
0.973;15828;12950;164805;2878
0.282;143603;62765;164831;80838
0.04;102681;39179;164840;63502
0.0;0;0;164904;0
0.36;39802;26777;164940;13025
0.183;337152;121351;164943;215801
0.44;170728;92085;164968;78643
0.434;87750;57814;164974;29936
0.077;29447;14772;164976;14675
0.375;22202;21739;164981;463
0.0;0;0;164986;0
0.197;301228;133082;164991;168146
0.0;0;0;165001;0
0.303;69414;33726;165007;35688
0.541;71355;49396;165009;21959
0.384;24405;13738;165023;10667
0.719;23390;22088;165051;1302
0.228;684754;272484;165127;412270
0.1;67967;28505;165475;39462
0.428;123767;89034;165499;34733
1.0;626;626;165512;0
0.587;12887;7976;165518;4911
0.915;51652;34601;165525;17051
0.011;95159;12564;165537;82595
0.821;58735;30331;165541;28404
0.437;47616;23248;165559;24368
0.319;71280;47074;165584;24206
1.0;5542;5542;165617;0
0.623;42201;34407;165624;7794
0.0;0;0;165638;0
0.282;22912;15345;165657;7567
1.0;6175;6175;165683;0
0.526;181741;109136;165686;72605
0.714;402;274;165688;128
0.317;138275;68996;165693;69279
0.363;138702;114619;165696;24083
0.496;54547;45364;165697;9183
0.439;184763;100428;165705;84335
0.0;0;0;165706;0
0.0;0;0;165710;0
0.144;466086;129193;165725;336893
0.214;340383;128494;165728;211889
0.201;253835;77225;165737;176610
0.204;470703;159232;165767;311471
0.247;67614;37304;165856;30310
0.711;21486;18810;165862;2676
0.346;102573;47730;165892;54843
0.111;63634;17032;165900;46602
0.275;163124;63905;166001;99219
0.425;171922;107480;166027;64442
1.0;3759;3759;166034;0
0.0;0;0;166038;0
0.0;0;0;166041;0
0.0;0;0;166042;0
0.0;0;0;166051;0
0.293;85566;58678;166061;26888
0.168;37447;10043;166168;27404
0.333;196;0;166171;196
0.072;263321;60517;166176;202804
0.233;1033510;268643;166177;764867
1.0;0;0;166182;0
0.0;0;0;166280;0
0.276;55552;28620;166288;26932
0.0;0;0;166331;0
0.0;0;0;166353;0
0.205;833488;247052;166377;586436
0.0;0;0;166391;0
0.305;244805;123912;166429;120893
0.389;26495;12400;166443;14095
0.434;274245;194153;166482;80092
0.467;175155;69595;166487;105560
0.0;0;0;166532;0
0.0;0;0;166557;0
0.0;0;0;166574;0
0.113;78186;33337;166579;44849
0.066;109373;26511;166590;82862
0.0;0;0;166599;0
0.0;0;0;166652;0
0.045;57872;30574;166661;27298
0.41;359875;175238;166664;184637
0.093;61774;29152;166707;32622
0.0;0;0;166741;0
1.0;5808;5808;166757;0
0.078;174101;30621;166770;143480
0.0;0;0;166795;0
0.257;35462;18675;166806;16787
0.0;0;0;166854;0
0.118;58823;20844;166858;37979
0.0;0;0;166872;0
0.021;322908;115319;166879;207589
0.711;65692;37804;166909;27888
0.928;84383;45985;166922;38398
0.875;24969;10324;166934;14645
0.79;104058;95954;166935;8104
1.0;3100;3100;166942;0
0.0;0;0;167010;0
0.556;31644;17550;167016;14094
0.0;0;0;167018;0
0.0;0;0;167025;0
0.745;30330;27258;167109;3072
0.448;1193832;490534;167112;703298
0.433;501986;179880;167122;322106
0.0;0;0;167128;0
0.151;137708;58353;167164;79355
0.058;145992;34600;167165;111392
0.15;25676;12147;167171;13529
0.0;0;0;167181;0
0.343;241267;129910;167199;111357
0.089;79574;33055;167201;46519
0.0;0;0;167224;0
1.0;979;979;167232;0
0.143;1126;0;167238;1126
0.654;13379;12187;167243;1192
1.0;3300;3300;167246;0
0.238;112433;50083;167312;62350
0.891;57023;38297;167320;18726
0.448;481950;139165;167328;342785
0.125;74829;35550;167333;39279
0.098;86532;23820;167339;62712
0.0;0;0;167348;0
0.0;0;0;167362;0
0.262;242443;111428;167369;131015
0.157;1086034;263485;167412;822549
0.397;87983;28351;167445;59632
1.0;0;0;167496;0
0.436;446198;206077;167505;240121
0.0;0;0;167512;0
1.0;977;977;167522;0
0.0;0;0;167532;0
0.0;0;0;167533;0
0.0;0;0;167545;0
0.0;0;0;167583;0
0.088;274400;115200;167593;159200
0.428;63639;44661;167634;18978
0.082;7544;2604;167637;4940
0.55;6722;5973;167647;749
0.065;40250;13304;167724;26946
0.936;21163;18607;167737;2556
0.0;0;0;167743;0
0.0;0;0;167744;0
0.0;0;0;167750;0
0.179;129573;50701;167787;78872
0.301;228655;154238;167792;74417
1.0;0;0;167818;0
0.131;655833;154896;167820;500937
0.222;26267;20560;167825;5707
0.109;198956;34902;167828;164054
0.338;12729;11694;167830;1035
0.188;1487685;449686;167835;1037999
0.459;102118;76333;167847;25785
0.198;694268;208202;167850;486066
0.0;0;0;167851;0
0.261;541123;192435;167867;348688
0.0;0;0;167871;0
0.252;379834;107053;167877;272781
0.092;55672;22454;167907;33218
0.0;0;0;167940;0
0.327;62694;37480;167945;25214
0.0;0;0;167974;0
0.331;465908;266700;167978;199208
0.0;0;0;167987;0
0.0;0;0;168009;0
0.978;4501;3760;168018;741
0.379;4097;3661;168118;436
1.0;4697;4697;168133;0
0.0;0;0;168178;0
0.054;73380;18349;168189;55031
0.305;599296;238256;168198;361040
0.212;91487;42737;168213;48750
0.283;90565;35981;168255;54584
0.0;0;0;168293;0
0.0;0;0;168316;0
0.0;0;0;168318;0
0.534;159065;96627;168333;62438
0.929;59273;56178;168338;3095
0.53;128590;44227;168356;84363
0.0;0;0;168376;0
0.332;363781;194387;168474;169394
0.0;0;0;168537;0
0.287;238610;105609;168540;133001
0.136;178930;99834;168546;79096
0.0;0;0;168555;0
0.279;245836;109049;168582;136787
0.39;38036;10434;168583;27602
0.0;0;0;168637;0
0.0;0;0;168638;0
0.262;109670;85276;168640;24394
0.246;746827;259615;168645;487212
0.0;0;0;168655;0
0.089;36359;17994;168666;18365
0.237;8210;6934;168692;1276
1.0;6711;6607;168701;104
0.238;250043;66055;168702;183988
0.694;34316;27318;168732;6998
0.0;0;0;168733;0
0.337;432314;149754;168735;282560
0.39;47101;36426;168738;10675
0.339;74134;39027;168743;35107
0.362;105585;72624;168761;32961
0.867;16280;16009;168762;271
0.427;115275;48772;168764;66503
0.645;81582;35415;168768;46167
0.378;105124;70034;168771;35090
0.216;108031;42141;168774;65890
0.19;278590;87604;168777;190986
0.291;160298;83954;168781;76344
0.251;163660;55463;168782;108197
0.454;147952;69758;168783;78194
0.0;0;0;168794;0
0.117;40129;23332;168795;16797
0.122;155290;40601;168801;114689
0.421;120566;94920;168804;25646
0.19;127667;60632;168806;67035
0.218;50619;26573;168818;24046
0.0;0;0;168820;0
0.326;16658;7942;168821;8716
0.324;236993;129040;168822;107953
0.372;39802;30858;168823;8944
0.0;0;0;168824;0
0.339;52776;42132;168827;10644
0.596;23390;10162;168832;13228
0.444;340504;184637;168848;155867
0.147;137640;36556;168857;101084
0.429;136156;87758;168865;48398
0.392;71895;28527;168869;43368
0.177;641056;175059;168872;465997
0.243;653040;174843;168883;478197
0.879;48106;41268;168923;6838
0.0;0;0;168933;0
0.157;31286;10250;168949;21036
0.387;37189;22671;168952;14518
0.215;133131;37804;168959;95327
0.021;74975;14090;168974;60885
0.0;0;0;168987;0
0.0;0;0;169008;0
0.565;102839;57715;169018;45124
0.24;70163;33179;169047;36984
0.195;304159;104016;169057;200143
0.493;206558;113923;169108;92635
0.0;0;0;169143;0
0.433;111820;70666;169157;41154
0.173;235981;97888;169185;138093
0.426;266456;108747;169188;157709
0.0;0;0;169199;0
0.247;113140;67962;169238;45178
0.462;44794;36313;169291;8481
0.906;7614;7529;169295;85
0.133;145467;50666;169306;94801
0.0;0;0;169316;0
0.0;0;0;169318;0
0.191;6728;5715;169321;1013
0.392;171282;131199;169391;40083
0.063;36038;14579;169418;21459
0.079;146331;53513;169421;92818
0.0;0;0;169433;0
0.075;8837;4722;169447;4115
0.342;19246;16512;169467;2734
0.0;0;0;169468;0
0.357;207388;125987;169472;81401
0.864;2965;2777;169476;188
0.279;99836;39206;169481;60630
0.21;245430;121703;169490;123727
0.284;179979;77420;169499;102559
0.308;213513;99435;169510;114078
1.0;1700;1700;169516;0
0.267;43411;34358;169517;9053
0.0;0;0;169520;0
0.813;66971;57289;169527;9682
1.0;2752;2752;169529;0
0.312;118112;69067;169532;49045
0.427;152282;103796;169534;48486
0.175;13314;853;169538;12461
0.091;58678;17561;169539;41117
0.79;54750;38724;169541;16026
0.067;25840;15847;169549;9993
0.124;50956;24209;169550;26747
0.161;125081;45625;169556;79456
0.465;186392;130828;169558;55564
1.0;1351;1351;169580;0
0.233;49671;23561;169583;26110
0.0;0;0;169584;0
0.695;69139;59413;169587;9726
0.623;48445;37852;169591;10593
0.0;0;0;169593;0
0.182;136362;49654;169605;86708
0.858;49518;39010;169609;10508
0.089;49658;19090;169614;30568
0.0;0;0;169624;0
0.052;79271;17088;169630;62183
0.435;63248;32747;169648;30501
0.29;282963;140729;169659;142234
0.0;0;0;169660;0
0.0;0;0;169661;0
0.594;130775;112812;169677;17963
0.0;0;0;169699;0
0.0;0;0;169705;0
0.0;0;0;169733;0
0.089;51243;19090;169743;32153
0.0;0;0;169745;0
0.248;247498;107659;169746;139839
0.0;0;0;169754;0
0.701;29270;10246;169763;19024
0.027;103753;28241;169768;75512
0.63;29322;23289;169771;6033
0.055;7946;6292;169778;1654
0.659;36932;18255;169784;18677
0.252;51739;28368;169797;23371
0.875;1905;965;169810;940
0.222;438938;217868;169837;221070
0.147;32500;18927;169841;13573
0.116;563238;164555;169844;398683
0.322;53403;16443;169850;36960
0.484;27869;24852;169861;3017
0.0;0;0;169867;0
0.0;0;0;169874;0
0.068;39171;12090;169884;27081
0.286;26811;16727;169899;10084
0.0;0;0;169905;0
0.0;0;0;169908;0
0.423;22809;8837;169920;13972
0.0;0;0;169975;0
0.233;492240;202768;169979;289472
0.139;176261;87526;169983;88735
0.411;92807;71179;169984;21628
0.081;160959;44468;169997;116491
0.317;309448;177002;170000;132446
0.0;0;0;170004;0
0.165;33057;12516;170005;20541
0.133;13746;12038;170007;1708
0.229;150863;53514;170008;97349
0.962;3572;2632;170097;940
0.206;662254;233660;170108;428594
0.141;251148;54561;170110;196587
0.223;79098;26221;170111;52877
0.321;188115;97692;170123;90423
0.878;9690;9178;170129;512
0.457;62573;39031;170133;23542
0.0;0;0;170138;0
0.436;123255;84976;170139;38279
0.008;20744;0;170140;20744
0.175;869649;233612;170153;636037
0.0;0;0;170166;0
0.0;0;0;170170;0
0.135;88018;39299;170192;48719
1.0;34593;22159;170193;12434
0.715;98605;30704;170220;67901
0.0;0;0;170227;0
0.839;143350;78316;170276;65034
0.418;122869;69875;170306;52994
0.284;249557;118548;170320;131009
0.194;127069;49723;170337;77346
1.0;18651;18651;170339;0
0.451;361022;163071;170349;197951
0.0;0;0;170365;0
0.697;35536;15725;170454;19811
0.178;270348;61129;170481;209219
0.615;12455;3117;170512;9338
0.104;334013;68985;170515;265028
0.0;0;0;170558;0
0.215;58708;43980;170568;14728
0.641;9414;6041;170571;3373
0.467;145175;107628;170581;37547
0.2;241350;109398;170612;131952
0.0;0;0;170617;0
0.0;0;0;170621;0
0.0;0;0;170622;0
1.0;4566;4566;170636;0
0.495;186785;97767;170640;89018
0.668;220221;121123;170656;99098
0.829;52206;36694;170730;15512
0.633;10320;8548;170744;1772
0.226;10096;1366;170749;8730
0.503;59778;47904;170750;11874
0.198;243836;123319;170751;120517
0.501;322021;249547;170755;72474
0.378;53168;38206;170757;14962
0.165;77617;24684;170767;52933
0.085;38795;13263;170776;25532
0.0;0;0;170784;0
0.381;43050;27341;170800;15709
0.22;262683;98953;170803;163730
0.651;47462;39335;170809;8127
0.038;167495;27022;170811;140473
0.0;0;0;170812;0
0.221;252746;93469;170813;159277
0.0;0;0;170816;0
0.165;182921;56138;170827;126783
0.297;55236;34049;170828;21187
0.701;16844;15293;170871;1551
0.0;0;0;170873;0
0.0;0;0;170877;0
0.0;0;0;170887;0
0.071;154367;62687;170894;91680
0.0;0;0;170910;0
0.051;80268;18349;170918;61919
0.063;31111;16636;170922;14475
0.0;0;0;170925;0
0.182;641383;173508;170927;467875
0.496;19058;6719;170928;12339
0.0;0;0;170938;0
0.37;632529;336029;170941;296500
0.405;214905;127347;170948;87558
0.0;0;0;170950;0
0.109;101461;41212;170952;60249
0.245;947262;296458;170962;650804
0.264;259869;87832;170968;172037
0.06;76459;30152;170975;46307
0.246;48164;27292;170981;20872
0.704;27401;20636;170985;6765
0.126;30208;17441;171039;12767
0.0;0;0;171041;0
0.0;0;0;171083;0
0.144;103746;37774;171149;65972
0.0;0;0;171170;0
0.0;0;0;171171;0
0.72;11829;10597;171173;1232
0.258;44747;29455;171174;15292
0.3;30142;24331;171178;5811
0.792;111675;50370;171196;61305
1.0;4365;4365;171197;0
0.0;0;0;171207;0
0.351;365937;208702;171208;157235
0.0;0;0;171214;0
0.28;95978;42154;171217;53824
0.239;7747;4993;171228;2754
0.219;50191;30483;171238;19708
0.0;0;0;171278;0
0.094;204708;39849;171294;164859
0.439;80008;55082;171372;24926
0.29;70309;27792;171376;42517
0.0;0;0;171383;0
0.423;24214;8879;171400;15335
0.303;283181;157416;171417;125765
0.077;27374;10319;171419;17055
0.927;60774;48367;171427;12407
0.379;91913;49715;171428;42198
0.361;372728;92713;171441;280015
0.365;95458;63511;171442;31947
0.27;240073;130154;171448;109919
0.895;7964;6557;171451;1407
0.16;241001;127113;171460;113888
0.573;17385;11486;171487;5899
0.209;260321;85004;171493;175317
0.31;83770;47390;171502;36380
0.0;0;0;171518;0
0.0;0;0;171525;0
0.0;0;0;171548;0
0.238;548866;254350;171562;294516
0.495;185793;105313;171570;80480
0.012;23074;9429;171571;13645
0.609;51644;26431;171594;25213
0.502;31170;21314;171621;9856
0.46;114484;47605;171677;66879
0.185;206616;59503;171687;147113
0.0;0;0;171688;0
0.0;0;0;171702;0
0.482;78611;58426;171711;20185
0.493;64276;28501;171712;35775
0.44;24232;11690;171724;12542
0.589;37763;24349;171747;13414
0.257;166250;82249;171791;84001
0.447;176834;56534;171802;120300
0.558;163456;119277;171803;44179
0.112;195743;67830;171807;127913
0.254;429353;123565;171818;305788
0.073;105814;19507;171819;86307
1.0;6217;6217;171821;0
0.747;100043;76705;171823;23338
0.0;0;0;171834;0
0.967;3168;3147;171842;21
0.243;11179;7996;171847;3183
0.138;440803;146144;171863;294659
0.346;378610;215710;171866;162900
0.222;48516;27298;171869;21218
0.322;47264;19027;171877;28237
0.0;0;0;171881;0
0.0;0;0;171886;0
0.0;0;0;171892;0
0.377;1151987;322390;171895;829597
1.0;20744;20744;171932;0
0.0;0;0;171966;0
0.492;203095;132534;172000;70561
0.58;13451;4903;172004;8548
0.344;134644;80044;172006;54600
0.108;30586;13674;172014;16912
0.218;79503;64188;172017;15315
1.0;27704;27704;172040;0
0.0;0;0;172088;0
0.385;340564;204214;172107;136350
0.812;14144;11017;172123;3127
0.18;220831;103115;172165;117716
0.323;560045;289027;172179;271018
0.345;149554;69019;172183;80535
0.323;564717;265818;172191;298899
0.0;0;0;172196;0
0.0;0;0;172200;0
0.455;167676;93421;172202;74255
0.789;98696;54706;172214;43990
0.362;158447;118810;172215;39637
0.0;0;0;172240;0
0.0;0;0;172244;0
0.592;67829;59386;172248;8443
0.0;0;0;172252;0
0.437;860161;393540;172303;466621
0.154;484569;137752;172323;346817
0.123;26987;13185;172335;13802
0.288;287101;179923;172348;107178
0.476;113425;74140;172351;39285
0.0;0;0;172352;0
0.385;32345;24197;172361;8148
0.0;0;0;172376;0
0.75;10591;7425;172382;3166
1.0;0;0;172394;0
0.669;39778;36706;172402;3072
0.161;133439;38736;172443;94703
0.0;0;0;172453;0
0.0;0;0;172469;0
0.0;0;0;172481;0
0.431;321313;86461;172496;234852
0.405;53288;33778;172505;19510
0.0;0;0;172525;0
0.202;352647;128724;172527;223923
0.246;174608;42325;172531;132283
0.0;0;0;172597;0
0.0;0;0;172614;0
0.369;54991;28608;172620;26383
0.0;0;0;172624;0
0.09;158320;50579;172636;107741
0.0;0;0;172692;0
1.0;8556;8556;172693;0
0.0;0;0;172695;0
0.0;0;0;172696;0
0.144;534191;123561;172700;410630
0.331;190562;83092;172722;107470
0.313;1306048;285348;172738;1020700
1.0;76879;37820;172743;39059
0.703;2202;2939;172749;737
0.289;156289;129447;172759;26842
0.205;91940;67011;172766;24929
0.311;35237;25439;172782;9798
0.244;102987;53690;172826;49297
0.261;38240;13871;172841;24369
0.557;39391;30610;172853;8781
0.132;45051;24476;172900;20575
0.28;98979;60844;172920;38135
0.377;154052;82862;172930;71190
0.446;48632;18057;172931;30575
0.463;311271;179115;172942;132156
0.329;198013;98565;172960;99448
0.151;187554;86494;173011;101060
0.218;86102;12516;173017;73586
0.463;1044076;352169;173020;691907
0.331;291844;177428;173021;114416
0.0;0;0;173110;0
0.537;58167;33457;173115;24710
0.21;581299;232621;173117;348678
0.0;0;0;173118;0
0.347;44618;14191;173127;30427
0.224;87466;37489;173136;49977
0.421;308507;101153;173158;207354
0.345;213031;120184;173159;92847
1.0;25882;25725;173162;157
0.297;36113;27319;173163;8794
0.338;91701;53240;173169;38461
0.833;207817;105982;173170;101835
0.217;174566;75086;173171;99480
0.0;0;0;173175;0
0.109;352770;128121;173177;224649
0.0;0;0;173188;0
0.0;0;0;173190;0
0.539;103997;42383;173221;61614
0.161;267132;87772;173227;179360
0.0;0;0;173232;0
0.522;152113;124693;173257;27420
1.0;1296;1296;173272;0
0.305;125263;69170;173328;56093
0.0;0;0;173332;0
0.759;13883;9317;173342;4566
0.376;246690;163866;173346;82824
0.075;23866;14467;173350;9399
0.0;0;0;173376;0
0.415;106438;64058;173380;42380
0.029;59436;11999;173383;47437
0.099;94151;49755;173387;44396
0.0;0;0;173389;0
0.0;0;0;173391;0
0.596;816155;364633;173432;451522
0.371;112620;66934;173443;45686
0.252;454975;156402;173444;298573
1.0;2463;2463;173452;0
0.259;121671;30022;173455;91649
0.597;37646;23690;173467;13956
0.252;207084;78919;173468;128165
0.224;228424;172396;173470;56028
0.0;0;0;173472;0
0.038;208637;30925;173483;177712
1.0;556;556;173486;0
0.0;0;0;173491;0
0.292;59245;55731;173493;3514
1.0;1497;1497;173502;0
1.0;31460;24342;173506;7118
0.0;0;0;173509;0
0.0;0;0;173511;0
1.0;0;0;173516;0
0.198;98444;40375;173517;58069
0.21;275671;62857;173518;212814
0.0;0;0;173523;0
0.161;183902;85402;173525;98500
0.252;27578;17942;173528;9636
0.873;54405;39514;173529;14891
0.0;0;0;173532;0
0.0;0;0;173546;0
0.391;65615;32863;173548;32752
0.393;223685;73353;173555;150332
0.194;218335;82546;173578;135789
0.24;37390;20547;173595;16843
0.0;0;0;173596;0
0.584;311032;103864;173607;207168
0.317;108281;70121;173617;38160
0.858;74476;57403;173628;17073
0.431;166328;117664;173633;48664
0.141;55483;5497;173680;49986
0.0;0;0;173698;0
0.223;243578;116536;173724;127042
0.719;23033;14076;173737;8957
0.156;57472;27441;173741;30031
0.176;180143;48187;173780;131956
0.0;0;0;173784;0
0.165;92897;42189;173836;50708
0.301;18750;13596;173868;5154
0.074;107396;9912;173869;97484
0.9;5692;5522;173871;170
0.0;0;0;174115;0
0.987;10320;8802;174155;1518
0.386;11192;3881;174158;7311
0.0;0;0;174169;0
0.08;62920;17470;174177;45450
0.147;279678;77374;174194;202304
0.0;0;0;174197;0
0.943;188673;143908;174250;44765
0.0;0;0;174252;0
0.827;69630;31560;174257;38070
0.704;86320;75289;174259;11031
0.656;30784;14106;174262;16678
0.049;104932;32881;174283;72051
0.454;225438;139775;174313;85663
0.112;29716;6225;174377;23491
0.111;302364;64688;174385;237676
0.114;151596;56948;174402;94648
0.0;0;0;174418;0
0.0;0;0;174420;0
0.386;88709;40597;174460;48112
0.143;11274;7717;174462;3557
0.269;254083;113889;174500;140194
0.064;58717;17951;174523;40766
1.0;11017;11017;174571;0
0.09;38300;10340;174575;27960
0.837;159672;126647;174584;33025
0.142;227239;95302;174599;131937
0.0;0;0;174614;0
0.102;377898;118525;174615;259373
0.519;121778;83739;174624;38039
0.21;126317;64650;174638;61667
0.157;87904;44925;174639;42979
0.0;0;0;174648;0
0.422;444956;215768;174654;229188
0.545;5519;2564;174662;2955
0.0;0;0;174685;0
0.278;399535;135954;174689;263581
0.295;459828;143852;174716;315976
0.0;0;0;174729;0
0.191;54091;28023;174740;26068
0.28;220186;72086;174743;148100
0.229;60188;30083;174747;30105
0.144;246308;106937;174753;139371
0.53;77998;50715;174781;27283
0.271;193810;107196;174791;86614
0.254;38251;25885;174800;12366
0.205;97070;45107;174818;51963
0.092;169537;46294;174819;123243
0.0;0;0;174835;0
0.0;0;0;174852;0
0.245;50195;21924;174853;28271
0.46;81352;48506;174859;32846
0.091;119802;29045;174876;90757
0.0;0;0;174877;0
0.0;0;0;174881;0
0.0;0;0;174891;0
0.0;0;0;174926;0
0.726;121097;84986;174933;36111
0.98;9480;9409;174956;71
1.0;0;0;174990;0
0.75;195679;105264;175015;90415
0.269;110655;55276;175022;55379
0.471;61055;49874;175027;11181
0.372;136786;71929;175038;64857
0.939;45048;30817;175040;14231
0.419;141337;95833;175052;45504
0.296;121422;72053;175061;49369
0.079;94315;17757;175064;76558
0.0;0;0;175068;0
0.502;85378;72856;175073;12522
0.0;0;0;175088;0
0.0;0;0;175099;0
0.26;212820;95416;175113;117404
0.258;281042;97357;175120;183685
0.15;94026;47717;175190;46309
0.663;84292;53478;175204;30814
0.0;0;0;175215;0
0.224;132430;71693;175217;60737
0.045;32171;4942;175245;27229
0.268;365126;170533;175278;194593
0.316;216468;92760;175285;123708
0.587;165195;111977;175289;53218
0.092;31676;9898;175291;21778
0.223;108069;69963;175297;38106
0.96;92676;80101;175299;12575
0.538;158064;75145;175315;82919
0.0;0;0;175327;0
0.322;150328;92792;175328;57536
0.391;4950;4354;175336;596
0.024;18788;3457;175414;15331
0.394;139088;69127;175416;69961
0.341;4174;3502;175429;672
0.649;10764;10098;175444;666
0.214;105841;59378;175452;46463
0.913;67204;55816;175465;11388
0.732;36997;30901;175475;6096
0.318;61447;47085;175515;14362
1.0;9727;9727;175537;0
0.0;0;0;175539;0
0.0;0;0;175541;0
0.0;0;0;175545;0
0.0;0;0;175578;0
0.101;110542;41940;175598;68602
0.236;118858;67537;175606;51321
0.358;32191;22635;175620;9556
0.258;259951;116342;175625;143609
0.173;502596;212267;175631;290329
0.0;0;0;175634;0
0.538;25296;15899;175650;9397
0.336;243086;118569;175665;124517
0.399;67399;52610;175666;14789
0.0;0;0;175703;0
0.0;0;0;175706;0
0.249;151823;49488;175734;102335
0.063;778180;187121;175736;591059
1.0;11017;11017;175737;0
0.584;101399;73841;175760;27558
0.276;54142;19905;175822;34237
0.0;0;0;175826;0
0.0;0;0;175883;0
0.28;40081;21424;175906;18657
0.17;36681;27653;175952;9028
0.312;102863;45280;175963;57583
1.0;16334;7201;176074;9133
0.152;38102;19550;176078;18552
0.0;0;0;176085;0
0.298;151368;56081;176086;95287
0.0;0;0;176100;0
0.538;67049;46790;176103;20259
0.0;0;0;176162;0
0.343;393966;162267;176183;231699
0.499;36305;28344;176189;7961
0.239;167441;52781;176195;114660
0.9;23356;20396;176206;2960
0.894;12159;11783;176210;376
0.0;0;0;176221;0
0.35;126861;63339;176235;63522
0.3;96145;54245;176249;41900
0.228;2488;2355;176250;133
0.139;44900;19430;176255;25470
0.087;217359;64517;176271;152842
0.76;133992;121694;176291;12298
0.319;1848204;434450;176297;1413754
0.674;23883;23119;176346;764
0.0;0;0;176366;0
0.325;36749;26502;176392;10247
0.309;62590;40454;176402;22136
0.212;476855;126620;176403;350235
0.377;6261;6136;176439;125
0.456;114147;78421;176468;35726
0.181;294016;126083;176512;167933
0.0;0;0;176520;0
0.0;0;0;176523;0
0.0;0;0;176595;0
0.0;0;0;176618;0
0.0;0;0;176620;0
0.0;0;0;176640;0
0.214;50306;11912;176654;38394
0.249;45235;20161;176657;25074
0.632;92461;83685;176673;8776
0.412;83271;38644;176707;44627
0.483;48506;24113;176711;24393
1.0;41097;41097;176735;0
0.319;6685;5889;176736;796
0.208;289479;150640;176744;138839
0.0;0;0;176749;0
0.219;174372;83401;176751;90971
0.977;24333;22680;176756;1653
1.0;0;0;176775;0
0.0;0;0;176779;0
0.238;261419;87743;176781;173676
0.806;47739;24968;176783;22771
0.393;156535;70987;176786;85548
0.38;147806;112860;176799;34946
0.401;21404;18356;176826;3048
0.263;43344;36549;176829;6795
0.0;0;0;176845;0
0.0;0;0;176878;0
0.448;169231;102998;176894;66233
0.926;40443;34215;176904;6228
0.175;23800;11053;176960;12747
1.0;1895;1895;176987;0
0.338;189635;136041;177047;53594
0.628;54218;40622;177053;13596
0.286;51842;22579;177055;29263
0.184;177282;90691;177061;86591
0.0;0;0;177062;0
0.0;0;0;177063;0
0.0;0;0;177064;0
0.729;135483;123061;177111;12422
0.364;161667;77825;177124;83842
0.088;63379;25308;177132;38071
0.0;0;0;177134;0
0.0;0;0;177144;0
0.413;136018;56216;177145;79802
0.377;35149;20580;177147;14569
0.243;188862;67767;177153;121095
0.309;211756;81453;177154;130303
0.585;121618;86908;177156;34710
0.32;191739;120479;177157;71260
0.198;153108;33114;177162;119994
0.201;102838;39459;177164;63379
1.0;120428;102362;177167;18066
0.0;0;0;177170;0
0.131;18547;11393;177197;7154
1.0;1968;1968;177204;0
0.0;0;0;177217;0
0.421;54058;34928;177245;19130
0.502;45054;32861;177257;12193
0.724;144869;101416;177260;43453
0.207;397276;159318;177284;237958
0.795;19223;9394;177289;9829
0.0;0;0;177294;0
0.0;0;0;177326;0
0.0;0;0;177335;0
0.322;26589;23311;177361;3278
0.827;21215;13239;177369;7976
0.0;0;0;177380;0
0.0;0;0;177425;0
0.0;0;0;177426;0
0.993;40099;23871;177431;16228
0.0;0;0;177448;0
0.0;0;0;177456;0
0.543;160176;105248;177500;54928
0.991;26723;21067;177506;5656
0.29;209547;58350;177509;151197
0.028;9588;4414;177524;5174
0.02;9191;0;177540;9191
0.0;0;0;177543;0
0.943;41966;34994;177546;6972
0.958;18287;13401;177558;4886
0.528;49036;25832;177561;23204
0.144;27361;3542;177563;23819
0.022;66721;31720;177573;35001
1.0;2195;2195;177580;0
0.137;9624;3670;177586;5954
0.639;12968;9522;177597;3446
0.329;305998;85446;177599;220552
0.0;0;0;177601;0
0.339;221708;151466;177619;70242
0.282;358001;133230;177620;224771
0.192;275129;91045;177643;184084
0.264;643955;185844;177723;458111
0.047;84589;38901;177732;45688
0.531;75519;55469;177739;20050
0.147;365137;108141;177762;256996
0.667;14296;11802;177858;2494
0.0;0;0;177936;0
0.614;48523;33140;177939;15383
0.226;43997;32425;177946;11572
0.328;60998;43939;177948;17059
0.0;0;0;177953;0
0.712;243774;188667;178003;55107
0.0;0;0;178005;0
0.091;196757;59023;178008;137734
0.086;3398;2232;178032;1166
0.368;266158;93925;178039;172233
0.276;12138;8682;178044;3456
0.283;98133;47022;178052;51111
0.0;0;0;178056;0
0.21;253469;122547;178058;130922
0.06;33439;11235;178066;22204
0.097;237098;59341;178143;177757
0.367;27261;20898;178148;6363
0.0;0;0;178153;0
0.158;93026;31008;178154;62018
0.094;117907;6991;178172;110916
0.383;361721;179384;178176;182337
0.543;63766;42185;178183;21581
0.219;102482;48364;178184;54118
0.096;31331;8678;178216;22653
1.0;3117;3117;178221;0
0.0;0;0;178238;0
0.546;21296;16371;178283;4925
0.0;0;0;178290;0
0.0;0;0;178304;0
0.0;0;0;178379;0
0.29;236027;87980;178386;148047
0.0;0;0;178418;0
0.385;772399;309840;178435;462559
0.0;0;0;178441;0
0.117;71189;24451;178449;46738
0.0;0;0;178455;0
0.296;44414;35238;178460;9176
0.097;50312;33380;178462;16932
0.0;0;0;178470;0
0.306;478106;171264;178514;306842
0.503;99175;77777;178515;21398
0.245;342644;206345;178520;136299
0.439;269224;120753;178545;148471
0.325;279093;139921;178556;139172
0.0;0;0;178594;0
0.224;208165;93846;178616;114319
0.0;0;0;178627;0
0.791;20810;13750;178710;7060
0.192;176283;63466;178722;112817
0.73;340091;200669;178747;139422
0.627;121817;64678;178753;57139
0.0;0;0;178798;0
0.386;194079;103078;178803;91001
0.145;320029;100441;178809;219588
1.0;1728;1728;178828;0
0.458;607469;293455;178829;314014
0.0;0;0;178839;0
0.0;0;0;178860;0
0.29;174505;133146;178862;41359
0.707;54391;36106;178880;18285
0.0;0;0;178935;0
0.595;124747;89973;178948;34774
0.604;16222;9746;178950;6476
0.196;64565;22622;178968;41943
0.111;157328;34463;178976;122865
0.084;34963;18809;178982;16154
0.0;0;0;179004;0
1.0;15989;6857;179019;9132
0.119;82890;42520;179021;40370
0.202;8676;5986;179030;2690
1.0;4424;4424;179042;0
0.05;130025;32662;179074;97363
0.0;0;0;179087;0
0.0;0;0;179118;0
1.0;2360;2360;179126;0
0.153;306407;86473;179130;219934
0.819;206601;142616;179138;63985
0.741;13408;6065;179142;7343
0.156;129837;70779;179151;59058
0.0;0;0;179152;0
0.183;56776;29465;179154;27311
0.17;28571;12625;179182;15946
0.121;11201;4760;179199;6441
0.601;29827;22792;179218;7035
0.077;206878;51403;179220;155475
0.0;0;0;179231;0
0.961;50059;42558;179250;7501
0.23;207923;87940;179252;119983
0.413;1016109;367979;179262;648130
0.443;265143;88650;179287;176493
0.0;0;0;179311;0
0.0;0;0;179319;0
0.914;25096;10751;179337;14345
0.2;212970;114502;179381;98468
0.256;170760;88036;179396;82724
1.0;0;0;179399;0
0.262;28333;17713;179412;10620
0.215;712053;180874;179436;531179
0.157;700439;154960;179446;545479
0.0;0;0;179455;0
0.374;19479;14174;179475;5305
0.642;150292;80290;179484;70002
0.165;201607;79220;179527;122387
0.651;65044;48522;179530;16522
0.251;298709;112023;179579;186686
0.199;36175;17992;179585;18183
0.437;70977;58509;179587;12468
0.354;55766;38034;179591;17732
0.298;98778;62574;179592;36204
0.362;433156;197479;179597;235677
0.212;83952;28079;179605;55873
0.032;30507;15293;179612;15214
0.716;22485;15909;179617;6576
0.0;0;0;179637;0
0.0;0;0;179638;0
0.501;116735;70505;179670;46230
0.0;0;0;179730;0
0.318;96199;67841;179747;28358
0.719;12166;8226;179763;3940
0.168;619614;201683;179764;417931
0.149;170209;43107;179767;127102
0.0;0;0;179803;0
0.589;34121;31010;179815;3111
0.586;157038;122243;179841;34795
0.168;68366;14253;179858;54113
0.183;94157;23830;179869;70327
0.053;116507;29982;179879;86525
1.0;690;690;179886;0
0.0;0;0;179905;0
0.568;38192;29413;179925;8779
0.303;114304;40974;179928;73330
0.507;58033;38354;179956;19679
0.446;10630;6971;179958;3659
0.413;178796;103989;179959;74807
0.282;33844;15789;179967;18055
0.387;156194;72729;179975;83465
0.089;265192;66169;179985;199023
0.0;0;0;180003;0
0.0;0;0;180031;0
0.389;262994;123629;180109;139365
0.286;55837;24897;180110;30940
0.419;40857;25581;180112;15276
0.0;0;0;180124;0
0.247;176272;75376;180130;100896
0.0;0;0;180133;0
0.592;127499;73499;180135;54000
0.0;0;0;180144;0
0.229;273736;102327;180151;171409
0.033;76247;16738;180186;59509
0.0;0;0;180190;0
0.0;0;0;180203;0
0.0;0;0;180237;0
0.476;48995;39054;180261;9941
0.188;48794;11737;180266;37057
0.0;0;0;180322;0
0.0;0;0;180330;0
0.41;182974;120231;180347;62743
0.043;145058;37562;180353;107496
1.0;77231;40094;180366;37137
0.0;0;0;180407;0
0.882;78438;61522;180408;16916
0.644;186625;130232;180479;56393
0.289;78306;22079;180530;56227
0.203;381977;108214;180531;273763
0.253;72700;16867;180537;55833
0.347;138407;66692;180543;71715
0.38;103043;57634;180545;45409
0.372;69495;57436;180551;12059
0.214;425327;122520;180552;302807
0.338;144045;53438;180563;90607
0.0;0;0;180572;0
0.476;371816;229860;180574;141956
0.398;107640;54827;180602;52813
0.246;155740;98011;180616;57729
0.16;148200;67831;180634;80369
0.0;0;0;180635;0
0.0;0;0;180638;0
0.0;0;0;180647;0
0.093;143650;43290;180655;100360
0.211;42660;19807;180656;22853
0.065;65758;35445;180662;30313
0.344;67186;25271;180688;41915
0.0;0;0;180694;0
0.0;0;0;180715;0
0.229;29707;11633;180717;18074
0.456;16424;5844;180722;10580
0.168;205088;114896;180723;90192
0.45;69929;57841;180747;12088
0.311;88845;59765;180750;29080
0.664;75861;58780;180756;17081
0.513;62489;57115;180779;5374
0.0;0;0;180787;0
0.739;11928;6789;180790;5139
0.121;71350;22514;180794;48836
0.0;0;0;180803;0
0.321;462274;213784;180807;248490
0.278;149895;82832;180845;67063
0.0;0;0;180857;0
0.154;619255;224980;180859;394275
0.032;157120;32803;180866;124317
0.301;238003;130471;180867;107532
0.0;0;0;180885;0
0.0;0;0;180915;0
0.321;23400;21726;180984;1674
0.224;405704;130731;180988;274973
0.0;0;0;181003;0
0.361;575172;209754;181011;365418
0.21;294277;105559;181018;188718
0.294;162804;91168;181022;71636
0.288;481145;148685;181027;332460
0.275;105444;43685;181053;61759
0.411;55546;45766;181068;9780
0.237;86636;36396;181078;50240
0.206;763481;192866;181119;570615
1.0;11017;11017;181139;0
0.0;0;0;181162;0
0.017;15422;8062;181170;7360
0.0;0;0;181183;0
0.238;307030;119856;181207;187174
0.385;9234;5675;181218;3559
0.38;153250;49070;181257;104180
0.223;20763;12797;181258;7966
0.0;0;0;181276;0
0.0;0;0;181288;0
0.73;20082;17329;181318;2753
0.0;0;0;181338;0
0.0;0;0;181345;0
0.0;0;0;181348;0
0.164;67323;28016;181352;39307
0.24;210437;80956;181360;129481
0.382;1043306;408569;181361;634737
0.171;380434;151274;181363;229160
0.452;1480688;456542;181364;1024146
0.0;0;0;181385;0
0.43;259649;137634;181401;122015
0.137;285488;66131;181407;219357
0.0;0;0;181411;0
0.281;59543;40220;181417;19323
0.909;3546;3174;181420;372
0.0;0;0;181421;0
1.0;9662;4831;181428;4831
0.804;18251;15937;181429;2314
0.985;103141;81280;181470;21861
0.215;199951;56357;181474;143594
0.402;232693;113333;181486;119360
0.3;79585;26082;181495;53503
0.0;0;0;181504;0
0.0;0;0;181600;0
0.43;32988;15010;181630;17978
0.0;0;0;181666;0
0.0;0;0;181675;0
0.0;0;0;181682;0
0.069;22953;9473;181697;13480
0.736;24276;18612;181698;5664
0.0;0;0;181724;0
0.369;94057;52449;181743;41608
0.379;72565;56008;181744;16557
0.171;367510;88385;181745;279125
0.0;0;0;181780;0
0.0;0;0;181781;0
0.342;22329;18600;181785;3729
0.854;6976;6747;181819;229
0.201;8834;7248;181866;1586
0.194;43806;27518;181878;16288
1.0;2596;2596;181886;0
0.0;0;0;181912;0
0.267;233707;77130;181929;156577
0.494;283198;150019;181946;133179
0.0;0;0;181984;0
1.0;6253;6253;181987;0
0.81;68714;46684;181990;22030
0.0;0;0;181997;0
0.211;42690;18014;182002;24676
0.563;24973;18465;182005;6508
0.508;69296;35724;182006;33572
0.21;375501;164789;182012;210712
0.214;111696;53433;182015;58263
0.677;97759;68951;182041;28808
0.338;883177;444369;182047;438808
0.214;11837;1496;182077;10341
0.423;60175;35687;182083;24488
0.632;53885;41612;182088;12273
0.138;268558;86462;182093;182096
0.263;400979;127586;182097;273393
0.733;80142;52680;182100;27462
0.23;290903;136260;182105;154643
0.097;309081;79882;182112;229199
0.317;5064;2651;182118;2413
0.41;614317;275317;182119;339000
0.71;40099;25489;182136;14610
0.0;0;0;182150;0
0.181;639786;277527;182157;362259
0.483;30453;24927;182160;5526
0.543;89412;41994;182181;47418
0.653;21689;11348;182190;10341
0.392;427805;178933;182208;248872
0.942;38292;27315;182234;10977
0.566;13524;9669;182236;3855
0.886;6096;5883;182243;213
1.0;2448;2447;182248;1
1.0;8422;8422;182298;0
0.0;0;0;182326;0
0.306;31114;9976;182350;21138
0.0;0;0;182368;0
0.0;0;0;182390;0
0.971;52536;37830;182424;14706
0.0;0;0;182441;0
0.197;303452;104014;182457;199438
0.625;82137;52850;182478;29287
0.0;0;0;182482;0
0.124;162815;60295;182503;102520
0.297;45356;29530;182510;15826
0.0;0;0;182528;0
0.0;0;0;182555;0
0.244;305744;147851;182557;157893
0.0;0;0;182655;0
0.035;124263;15970;182765;108293
0.701;7740;5835;182778;1905
0.0;0;0;182854;0
0.214;26063;14510;182894;11553
0.398;136714;71129;182906;65585
0.37;6804;6294;182910;510
1.0;1807;1807;182911;0
1.0;2559;2559;182913;0
0.0;0;0;182928;0
0.214;44290;30726;182948;13564
0.221;15112;10903;182992;4209
0.269;94272;73650;183034;20622
0.536;24979;9660;183035;15319
0.0;0;0;183037;0
0.403;482723;275738;183060;206985
0.458;127414;63619;183106;63795
0.0;0;0;183112;0
0.226;21768;8818;183147;12950
0.0;0;0;183151;0
0.596;71703;64164;183164;7539
0.397;96531;39280;183168;57251
0.176;318090;118613;183180;199477
0.0;0;0;183181;0
0.0;0;0;183185;0
0.519;29241;13973;183190;15268
0.725;16769;12368;183202;4401
0.426;123878;50810;183274;73068
0.06;172936;49494;183300;123442
0.214;113380;67061;183321;46319
1.0;15098;15098;183346;0
0.323;171887;81036;183383;90851
0.0;0;0;183392;0
0.145;236786;111352;183401;125434
1.0;11423;6857;183406;4566
0.152;98035;33686;183424;64349
0.345;428675;218177;183428;210498
0.321;257005;128118;183492;128887
0.407;111263;75230;183495;36033
0.217;110863;47611;183500;63252
1.0;0;0;183501;0
0.96;90300;81829;183504;8471
0.042;30012;14420;183508;15592
0.0;0;0;183510;0
0.0;0;0;183511;0
0.217;307700;131125;183513;176575
0.229;310450;114533;183514;195917
0.263;462526;136537;183515;325989
1.0;0;0;183523;0
0.61;99826;72780;183528;27046
0.137;244118;89704;183531;154414
0.0;0;0;183536;0
0.127;32957;13877;183537;19080
0.164;454737;181451;183538;273286
0.296;169259;38322;183541;130937
0.871;7682;7480;183553;202
0.402;113901;60873;183560;53028
0.0;0;0;183583;0
0.321;20845;15272;183585;5573
0.065;103071;29550;183604;73521
0.0;0;0;183631;0
0.344;255298;144183;183644;111115
0.427;130404;61632;183648;68772
0.0;0;0;183661;0
0.351;187705;78071;183670;109634
0.0;0;0;183676;0
0.0;0;0;183704;0
0.0;0;0;183706;0
0.153;561482;162394;183710;399088
1.0;0;0;183725;0
0.275;251524;151388;183737;100136
0.136;32330;21171;183743;11159
0.613;26534;23568;183752;2966
0.0;0;0;183783;0
0.333;188;31;183803;157
0.368;109130;77917;183805;31213
0.124;101226;25666;183818;75560
0.0;0;0;183820;0
0.525;151790;93134;183848;58656
0.217;476213;203186;183855;273027
0.324;14179;8785;183871;5394
0.525;201777;159708;183877;42069
0.176;362602;115301;183879;247301
0.227;307523;83850;183881;223673
0.347;76334;29878;183893;46456
0.062;150231;40850;183912;109381
0.074;76418;20324;183933;56094
0.404;1269984;350947;183938;919037
0.443;733282;339517;183941;393765
0.143;87868;43510;183949;44358
0.054;15532;13529;183954;2003
0.0;0;0;183992;0
0.203;704671;198441;184025;506230
0.159;160366;46478;184033;113888
0.224;187079;104414;184065;82665
0.0;0;0;184085;0
0.296;17369;15860;184097;1509
0.4;2187;1878;184110;309
0.411;103250;33025;184115;70225
0.242;56259;30026;184134;26233
1.0;3516;3516;184144;0
0.0;0;0;184146;0
0.384;57435;13181;184153;44254
0.423;1077846;404463;184157;673383
0.0;0;0;184159;0
0.173;135437;91897;184161;43540
0.751;53062;38729;184176;14333
0.0;0;0;184186;0
0.27;166040;94434;184188;71606
0.0;0;0;184194;0
0.145;14422;759;184204;13663
0.0;0;0;184222;0
0.0;0;0;184233;0
0.0;0;0;184240;0
0.16;228888;89822;184293;139066
0.326;410959;191521;184297;219438
0.205;219822;75557;184309;144265
0.0;0;0;184319;0
0.196;25048;6828;184337;18220
0.614;5900;4715;184344;1185
0.523;184636;164632;184357;20004
0.461;26472;18717;184364;7755
0.558;155859;133929;184371;21930
0.0;0;0;184373;0
0.368;340668;175677;184384;164991
0.387;783201;330746;184404;452455
0.155;227435;83089;184420;144346
0.0;0;0;184430;0
0.09;52150;16152;184433;35998
0.38;74234;28872;184438;45362
0.0;0;0;184444;0
0.0;0;0;184475;0
0.0;0;0;184482;0
0.0;0;0;184523;0
0.244;58070;35728;184526;22342
0.355;1077385;396240;184535;681145
0.0;0;0;184545;0
0.525;231307;159775;184546;71532
0.558;59693;35932;184668;23761
0.49;33332;17576;184684;15756
0.328;399013;158065;184712;240948
0.0;0;0;184776;0
0.0;0;0;184777;0
0.227;140885;43958;184783;96927
0.0;0;0;184790;0
1.0;2301;2301;184792;0
0.1;308274;86354;184812;221920
0.373;188184;115951;184818;72233
0.0;0;0;184819;0
0.234;95795;43140;184836;52655
0.0;0;0;184843;0
0.227;336659;157926;184845;178733
0.264;124579;76390;184846;48189
0.531;80075;47025;184849;33050
0.267;186924;97225;184851;89699
0.134;106862;65710;184852;41152
0.54;103712;79438;184853;24274
0.168;20876;9255;184854;11621
1.0;81281;56377;184858;24904
0.0;0;0;184859;0
0.227;258292;113306;184860;144986
0.56;101024;85822;184862;15202
0.494;92130;67088;184866;25042
0.285;610761;282822;184874;327939
0.765;8927;7654;184883;1273
0.142;191448;79126;184886;112322
0.144;81163;9112;184889;72051
0.582;91262;71939;184890;19323
0.288;225320;110219;184901;115101
0.917;37644;27731;184902;9913
0.0;0;0;184907;0
0.0;0;0;184911;0
0.196;167181;59490;184912;107691
0.0;0;0;184919;0
0.0;0;0;184924;0
1.0;27099;9033;184930;18066
0.0;0;0;184933;0
0.126;35268;18558;184935;16710
0.182;70136;33558;184944;36578
0.346;58782;35012;184945;23770
0.087;85248;39945;184946;45303
0.0;0;0;184948;0
0.475;768444;300732;184966;467712
0.229;229763;104321;184972;125442
1.0;103720;62232;184977;41488
0.264;174856;89147;184985;85709
0.331;165491;89012;184990;76479
0.418;323005;180539;184995;142466
0.574;19790;17750;185003;2040
0.504;225286;149462;185083;75824
0.25;426626;139834;185121;286792
0.069;138961;17470;185126;121491
0.686;11451;6650;185132;4801
0.0;0;0;185133;0
0.0;0;0;185140;0
0.352;88264;55985;185167;32279
0.685;89325;80966;185209;8359
0.333;392;0;185219;392
0.736;14546;13148;185221;1398
0.324;18029;16752;185232;1277
0.609;157663;90403;185235;67260
0.0;0;0;185331;0
0.206;291741;164555;185365;127186
0.0;0;0;185397;0
0.207;193184;90460;185416;102724
1.0;325;325;185435;0
0.0;0;0;185443;0
0.0;0;0;185504;0
0.321;222247;108364;185510;113883
0.106;19813;9066;185526;10747
0.197;58631;41840;185530;16791
0.388;327379;169599;185539;157780
0.172;349215;187247;185544;161968
0.249;272436;123439;185592;148997
0.933;1978;2072;185610;94
0.213;539188;139938;185624;399250
0.438;33909;13702;185665;20207
0.902;24131;18832;185666;5299
0.043;87190;20596;185671;66594
0.256;368046;112732;185684;255314
0.0;0;0;185734;0
0.128;55108;15743;185736;39365
0.352;44842;24650;185750;20192
0.758;135789;70692;185752;65097
0.16;36784;24662;185767;12122
0.238;544230;137011;185798;407219
0.229;328588;101318;185932;227270
1.0;2053;2053;185959;0
0.0;0;0;185961;0
0.372;10240;8844;186246;1396
0.45;166235;78273;186248;87962
0.39;34149;23087;186251;11062
0.477;91843;65646;186255;26197
0.0;0;0;186259;0
0.669;54507;44887;186261;9620
1.0;1487;1487;186265;0
0.0;0;0;186268;0
0.0;0;0;186272;0
0.228;326007;125601;186274;200406
0.406;217512;130171;186275;87341
0.055;42569;28059;186304;14510
0.295;192335;115720;186347;76615
0.683;90155;55510;186349;34645
0.383;46736;28510;186350;18226
1.0;17858;8929;186377;8929
0.584;85185;60109;186424;25076
0.365;43656;28125;186515;15531
0.108;111896;32222;186516;79674
0.17;24980;20612;186517;4368
0.133;63415;29178;186518;34237
0.0;0;0;186522;0
0.0;0;0;186531;0
0.0;0;0;186532;0
0.282;91027;70649;186568;20378
0.194;110320;40703;186572;69617
0.0;0;0;186579;0
0.132;8132;3424;186589;4708
0.103;47990;24153;186592;23837
0.144;174873;45684;186608;129189
0.695;28887;25381;186618;3506
0.848;14969;7459;186637;7510
0.398;38876;37785;186639;1091
0.0;0;0;186641;0
0.364;118628;65545;186653;53083
0.233;262838;105320;186658;157518
0.0;0;0;186662;0
0.0;0;0;186664;0
0.0;0;0;186667;0
0.0;0;0;186670;0
0.311;105822;57389;186689;48433
0.041;5250;4756;186715;494
1.0;7368;3684;186722;3684
0.23;59701;23980;186735;35721
0.571;3786;1772;186746;2014
0.898;8054;4094;186806;3960
0.41;45098;21020;186817;24078
0.078;94496;20475;186820;74021
0.0;0;0;186899;0
0.322;11451;8555;186914;2896
0.323;18279;15182;186942;3097
0.0;0;0;187018;0
0.0;0;0;187127;0
0.241;189513;82301;187139;107212
0.303;324632;176845;187140;147787
0.388;161550;89028;187147;72522
0.105;101700;32093;187151;69607
0.028;300057;116885;187158;183172
0.34;200409;92431;187161;107978
0.578;142338;96582;187166;45756
0.271;112782;75657;187174;37125
0.275;603952;170839;187182;433113
0.213;180012;82359;187188;97653
0.0;0;0;187193;0
0.0;0;0;187194;0
0.443;142784;106366;187195;36418
0.0;0;0;187207;0
0.23;44610;36291;187210;8319
0.0;0;0;187217;0
0.0;0;0;187223;0
0.212;345178;162487;187225;182691
0.147;526590;191410;187234;335180
0.0;0;0;187236;0
0.181;153280;65844;187241;87436
0.444;57556;36195;187246;21361
0.197;69396;41002;187249;28394
0.267;234106;115275;187268;118831
0.0;0;0;187313;0
0.0;0;0;187323;0
0.291;232546;128928;187327;103618
0.182;383790;170468;187333;213322
0.113;268909;72942;187335;195967
0.271;19878;15734;187338;4144
0.0;0;0;187340;0
0.0;0;0;187352;0
0.343;423162;144711;187356;278451
0.0;0;0;187358;0
0.279;113015;63676;187361;49339
0.311;175027;120056;187362;54971
0.2;18301;12490;187381;5811
0.307;283914;137983;187388;145931
0.0;0;0;187395;0
0.169;385039;78073;187401;306966
0.526;44997;36455;187416;8542
0.117;304155;82997;187419;221158
1.0;11017;11017;187439;0
0.565;3880;3332;187444;548
0.149;88147;56841;187448;31306
0.0;0;0;187463;0
0.701;9201;8266;187475;935
0.322;125118;75926;187483;49192
0.0;0;0;187494;0
0.267;294163;142524;187497;151639
0.361;99062;49148;187512;49914
0.469;22412;13731;187523;8681
0.167;365645;148551;187537;217094
0.52;238509;94704;187539;143805
0.0;0;0;187541;0
1.0;2788;2788;187556;0
0.062;188097;37521;187557;150576
0.296;11893;7350;187559;4543
1.0;9727;9727;187562;0
0.385;34611;27640;187572;6971
0.168;112302;43513;187574;68789
0.055;58669;33971;187588;24698
0.259;995121;259633;187590;735488
0.0;0;0;187600;0
0.0;0;0;187604;0
0.041;108255;33544;187609;74711
0.778;2398;1830;187615;568
0.0;0;0;187617;0
0.0;0;0;187625;0
0.155;85543;22825;187631;62718
0.0;0;0;187632;0
0.076;128989;37635;187643;91354
0.259;112923;51418;187645;61505
0.0;0;0;187648;0
0.0;0;0;187656;0
0.088;162432;42847;187665;119585
0.131;27284;19221;187676;8063
0.259;269926;103993;187704;165933
0.25;245234;112426;187705;132808
1.0;697;697;187728;0
0.042;148666;35683;187744;112983
0.092;243261;37521;187747;205740
0.0;0;0;187750;0
0.124;137550;46078;187752;91472
0.0;0;0;187754;0
0.099;190672;56491;187765;134181
0.045;148916;35837;187773;113079
0.046;152336;35837;187782;116499
0.0;0;0;187790;0
0.875;708;696;187791;12
0.0;0;0;187855;0
0.0;0;0;187860;0
0.183;903012;238720;187878;664292
0.0;0;0;187908;0
0.582;38363;33428;187912;4935
0.0;0;0;187926;0
0.243;524486;178155;187937;346331
0.319;143049;62152;187949;80897
0.179;1153807;308077;187951;845730
0.306;1309470;311496;187957;997974
1.0;865;865;187966;0
0.391;237132;93169;187991;143963
0.035;17788;16427;188012;1361
0.379;236887;139980;188015;96907
0.01;24194;0;188027;24194
0.309;513205;233644;188028;279561
0.0;0;0;188037;0
0.912;237077;184068;188049;53009
0.462;19545;7922;188050;11623
0.0;0;0;188065;0
0.243;575076;229386;188074;345690
0.0;0;0;188075;0
0.356;13580;8582;188081;4998
1.0;0;0;188087;0
0.0;0;0;188095;0
0.453;217447;115499;188109;101948
0.292;81253;22557;188147;58696
0.0;0;0;188175;0
0.26;89688;61602;188181;28086
0.171;124966;68007;188188;56959
0.0;0;0;188192;0
0.0;0;0;188193;0
0.29;141233;54267;188201;86966
0.168;197015;50232;188208;146783
0.179;133732;63805;188213;69927
0.103;42205;9153;188222;33052
0.194;87436;38654;188223;48782
0.463;41585;20181;188226;21404
0.172;117374;51749;188233;65625
0.143;71855;27388;188239;44467
0.832;173057;100670;188259;72387
0.377;235389;159851;188260;75538
0.181;587297;223459;188262;363838
0.246;609244;246143;188270;363101
0.186;533538;156084;188294;377454
0.092;90188;19442;188297;70746
0.464;86435;55495;188298;30940
0.125;142767;47279;188306;95488
0.15;58203;25569;188314;32634
0.073;92614;13629;188354;78985
0.0;0;0;188362;0
0.312;404205;206705;188364;197500
0.431;26392;19998;188392;6394
0.433;369870;130810;188426;239060
1.0;8929;8929;188431;0
0.803;42000;26296;188457;15704
0.555;551319;252098;188470;299221
0.411;357284;230369;188473;126915
0.627;182990;96518;188480;86472
0.839;104344;88349;188486;15995
0.784;162790;103224;188495;59566
0.456;81828;61777;188496;20051
0.601;93557;67330;188510;26227
0.0;0;0;188519;0
0.0;0;0;188527;0
0.0;0;0;188528;0
0.309;187343;133906;188534;53437
0.0;0;0;188537;0
0.378;1285772;503677;188538;782095
0.204;145596;98016;188550;47580
0.516;48273;19171;188557;29102
0.343;528933;176004;188563;352929
0.301;359581;187325;188579;172256
0.346;275612;160020;188584;115592
0.0;0;0;188585;0
0.406;47019;20555;188609;26464
0.183;18150;9521;188628;8629
0.225;36659;19257;188694;17402
0.151;227681;95767;188706;131914
0.0;0;0;188718;0
0.352;186406;104471;188721;81935
0.362;471267;184905;188748;286362
0.31;115015;70337;188768;44678
0.0;0;0;188795;0
0.058;813692;160366;188803;653326
0.759;36617;28001;188815;8616
0.853;6359;4994;188827;1365
0.912;14490;12452;188830;2038
0.262;235264;126986;188861;108278
0.0;0;0;188868;0
0.535;81818;55011;188890;26807
0.0;0;0;188897;0
0.368;820128;232749;188898;587379
0.36;149833;73269;188910;76564
0.211;253183;60122;188912;193061
0.593;55201;42302;188918;12899
0.241;446506;123294;188924;323212
0.154;186270;77252;188941;109018
0.58;70795;62262;188959;8533
0.188;136991;58309;188967;78682
0.0;0;0;188968;0
0.0;0;0;188974;0
0.255;179422;68607;188977;110815
0.063;104769;39706;188990;65063
0.55;48638;28620;188995;20018
0.938;5541;5384;189005;157
0.153;71257;31279;189006;39978
0.106;102526;48414;189007;54112
1.0;5955;5955;189008;0
0.163;209246;65430;189013;143816
0.169;296730;111621;189017;185109
1.0;3117;3117;189029;0
0.0;0;0;189037;0
0.0;0;0;189046;0
0.053;23970;13845;189050;10125
0.154;28357;15575;189054;12782
0.126;97842;25648;189059;72194
0.0;0;0;189065;0
0.216;312669;157114;189082;155555
0.611;29755;21150;189097;8605
0.0;0;0;189115;0
0.175;13418;6824;189123;6594
0.0;0;0;189134;0
0.867;2394;2112;189136;282
0.363;203142;98365;189137;104777
0.0;0;0;189148;0
0.294;74750;33066;189150;41684
0.162;258626;85007;189152;173619
0.362;24696;18655;189159;6041
0.261;55917;11527;189165;44390
0.106;206433;87244;189168;119189
0.0;0;0;189170;0
0.0;0;0;189178;0
0.676;13673;8389;189181;5284
0.762;35176;33854;189184;1322
0.28;714406;318388;189210;396018
0.309;131173;66904;189212;64269
0.0;0;0;189217;0
0.462;38184;27359;189220;10825
0.41;27330;25931;189224;1399
0.116;19502;9685;189227;9817
0.295;139451;70499;189229;68952
0.0;0;0;189232;0
0.144;54161;21030;189233;33131
0.289;298384;134556;189240;163828
0.152;217377;75627;189241;141750
0.281;26918;13280;189248;13638
0.267;150767;78599;189249;72168
0.251;275281;79041;189250;196240
1.0;324;324;189269;0
0.602;7057;6454;189279;603
0.0;0;0;189281;0
0.0;0;0;189296;0
0.062;1134;0;189300;1134
0.203;34071;11264;189302;22807
0.0;0;0;189329;0
0.027;17638;5241;189366;12397
0.065;79204;30069;189386;49135
0.153;252485;108918;189391;143567
0.342;780772;329354;189400;451418
0.0;0;0;189404;0
0.166;350644;154066;189417;196578
0.612;35896;16626;189419;19270
0.0;0;0;189431;0
0.375;367642;200481;189434;167161
0.0;0;0;189442;0
0.606;73035;66240;189443;6795
0.735;7845;7596;189457;249
0.211;393943;139594;189458;254349
0.183;49421;18795;189463;30626
0.274;49064;17097;189471;31967
0.0;0;0;189473;0
0.385;19015;16047;189477;2968
0.0;0;0;189491;0
0.095;269464;87663;189511;181801
0.284;296883;150984;189512;145899
0.191;479277;211248;189517;268029
0.267;911636;266788;189532;644848
1.0;993;993;189533;0
0.67;31535;10964;189612;20571
0.37;45449;29211;189617;16238
0.11;203291;82660;189633;120631
0.0;0;0;189635;0
0.409;107628;56373;189670;51255
0.127;136737;46849;189688;89888
0.0;0;0;189696;0
0.0;0;0;189732;0
0.122;336871;125534;189751;211337
0.676;13673;8389;189769;5284
0.155;236105;65349;189799;170756
0.345;131141;40743;189817;90398
0.391;922509;372472;189822;550037
0.0;0;0;189904;0
0.0;0;0;189971;0
0.282;445752;236843;189978;208909
0.0;0;0;189980;0
0.499;53500;43076;189999;10424
0.416;112145;94732;190006;17413
1.0;3301;3301;190077;0
0.429;18392;9662;190081;8730
0.222;274969;106116;190092;168853
0.0;0;0;190101;0
0.432;632955;226658;190177;406297
0.0;0;0;190193;0
0.434;49443;33415;190213;16028
0.15;36586;20116;190223;16470
0.558;28332;21291;190268;7041
0.284;68859;39874;190293;28985
0.269;181702;73495;190300;108207
0.0;0;0;190303;0
0.0;0;0;190307;0
0.0;0;0;190351;0
0.539;172493;94700;190358;77793
0.893;42688;39752;190361;2936
0.0;0;0;190374;0
0.84;35399;29948;190419;5451
0.358;62199;19257;190437;42942
0.0;0;0;190441;0
0.049;74008;18251;190449;55757
0.191;106861;72161;190471;34700
0.0;0;0;190480;0
1.0;6832;6832;190492;0
0.131;201572;61118;190498;140454
0.385;22698;13985;190521;8713
0.487;202807;132614;190526;70193
1.0;6335;6335;190529;0
0.822;136834;107690;190599;29144
0.421;411940;211539;190606;200401
0.484;371499;220498;190610;151001
0.587;96769;54957;190613;41812
0.0;0;0;190623;0
0.75;4161;3154;190636;1007
0.338;318814;159895;190637;158919
0.252;75750;17748;190645;58002
0.0;0;0;190660;0
0.0;0;0;190675;0
1.0;2567;2567;190677;0
0.236;5025;4833;190707;192
0.969;17216;12873;190712;4343
0.181;103953;44429;190752;59524
0.929;4155;4188;190779;33
0.115;29257;15748;190828;13509
0.0;0;0;190834;0
1.0;11017;11017;190843;0
0.0;0;0;190846;0
0.0;0;0;190858;0
0.0;0;0;190861;0
0.0;0;0;190867;0
0.369;462817;205748;190879;257069
0.152;30520;17361;190886;13159
0.0;0;0;190894;0
0.0;0;0;190927;0
0.495;85567;44852;190943;40715
0.049;162632;35259;190953;127373
0.512;64469;36525;190969;27944
0.317;160252;70085;190981;90167
0.45;82136;53662;190994;28474
0.37;28057;13000;190995;15057
0.364;663051;303201;190999;359850
0.359;194258;107196;191005;87062
0.225;189025;61029;191010;127996
0.0;0;0;191027;0
0.0;0;0;191045;0
0.261;353379;73967;191048;279412
0.411;92577;29778;191050;62799
0.361;13726;4377;191052;9349
0.084;142458;45999;191053;96459
0.0;0;0;191058;0
0.766;61202;40547;191061;20655
0.64;64532;42380;191064;22152
0.985;127227;100709;191068;26518
0.24;53239;11838;191079;41401
0.433;38435;20563;191145;17872
0.06;175450;39671;191146;135779
0.115;194924;28224;191150;166700
0.0;0;0;191182;0
0.0;0;0;191202;0
0.53;47165;26867;191211;20298
0.204;195096;102812;191212;92284
0.0;0;0;191215;0
0.34;578063;256990;191218;321073
0.246;57703;17298;191228;40405
0.135;32860;16970;191242;15890
0.091;101244;34114;191244;67130
0.0;0;0;191245;0
0.0;0;0;191250;0
0.53;93838;42869;191256;50969
0.155;413591;202829;191258;210762
0.517;104819;83304;191260;21515
0.097;154327;63979;191261;90348
0.0;0;0;191262;0
0.473;87165;31003;191265;56162
0.499;139976;75158;191267;64818
0.219;28231;12720;191268;15511
0.0;0;0;191278;0
0.0;0;0;191291;0
0.216;29134;13788;191292;15346
0.0;0;0;191297;0
0.043;143150;35683;191299;107467
0.0;0;0;191302;0
0.0;0;0;191310;0
0.067;384771;71932;191329;312839
0.0;0;0;191330;0
0.0;0;0;191334;0
0.0;0;0;191345;0
0.0;0;0;191375;0
0.097;42781;21955;191398;20826
0.209;43143;9727;191402;33416
0.0;0;0;191404;0
0.0;0;0;191410;0
0.346;451870;181364;191420;270506
0.0;0;0;191427;0
0.0;0;0;191440;0
0.223;157929;48582;191442;109347
0.46;66165;45928;191444;20237
0.167;52397;21547;191448;30850
0.042;174447;36778;191450;137669
0.0;0;0;191461;0
0.376;155817;115469;191464;40348
0.0;0;0;191465;0
1.0;0;0;191468;0
0.163;47092;34613;191472;12479
0.294;73393;43135;191481;30258
1.0;9727;9727;191482;0
0.343;194490;131399;191484;63091
0.129;74393;38337;191486;36056
0.322;101334;58295;191492;43039
0.24;133156;58215;191494;74941
0.369;168118;104412;191498;63706
0.063;144601;37226;191499;107375
0.435;175244;61307;191501;113937
1.0;9727;9727;191503;0
1.0;10541;10541;191504;0
0.322;218996;118953;191509;100043
0.0;0;0;191511;0
0.264;164640;71425;191512;93215
1.0;9727;9727;191523;0
0.19;102229;26545;191534;75684
0.091;318290;134847;191556;183443
0.434;46663;21765;191570;24898
0.052;38457;16850;191571;21607
0.09;33859;17994;191577;15865
0.0;0;0;191586;0
0.579;12753;10652;191589;2101
0.111;91437;34201;191596;57236
0.0;0;0;191599;0
0.618;201353;138549;191610;62804
0.341;52351;33754;191630;18597
0.367;146357;56806;191640;89551
1.0;2463;2463;191683;0
0.28;52750;17035;191790;35715
0.0;0;0;191851;0
0.396;126371;86839;191873;39532
0.377;156561;125051;191884;31510
0.221;57391;52534;191887;4857
0.0;0;0;191901;0
0.494;45429;42253;191924;3176
0.365;72970;19407;191928;53563
0.399;9420;8436;191942;984
0.844;1856;1879;191999;23
1.0;1147;1147;192012;0
1.0;8207;3147;192019;5060
0.0;0;0;192044;0
0.222;258665;106637;192085;152028
0.329;30306;20843;192111;9463
0.362;76768;50917;192142;25851
0.595;11035;7533;192149;3502
1.0;9741;9741;192162;0
0.639;68958;64370;192164;4588
0.469;13055;9114;192169;3941
0.0;0;0;192176;0
0.826;114124;100960;192180;13164
0.0;0;0;192189;0
0.0;0;0;192217;0
0.0;0;0;192219;0
0.162;154541;49030;192260;105511
0.328;49946;33916;192281;16030
0.51;14307;9632;192309;4675
1.0;1661;1661;192339;0
0.0;0;0;192354;0
0.446;274271;166013;192380;108258
0.138;74548;38286;192386;36262
0.89;10840;10240;192407;600
0.009;39670;1100;192414;38570
0.154;96616;37274;192419;59342
0.185;90267;48409;192431;41858
0.87;38642;17280;192438;21362
0.124;56602;13420;192458;43182
0.0;0;0;192471;0
0.165;26185;11064;192513;15121
0.124;50976;16862;192517;34114
0.0;0;0;192538;0
0.531;222996;104597;192575;118399
0.317;175223;63375;192583;111848
0.0;0;0;192590;0
0.0;0;0;192601;0
1.0;1999;1999;192649;0
0.453;11115;7444;192666;3671
0.295;38077;26691;192690;11386
0.14;174076;65340;192709;108736
0.167;174358;97722;192751;76636
0.0;0;0;192756;0
0.019;40800;16427;192788;24373
0.0;0;0;192919;0
0.167;378906;126173;192930;252733
0.0;0;0;192935;0
0.296;74553;14832;192936;59721
0.211;350567;115242;192940;235325
0.0;0;0;192950;0
0.105;260337;72142;192962;188195
0.0;0;0;193011;0
0.077;153376;52042;193035;101334
0.237;27810;14409;193039;13401
0.319;32899;6616;193041;26283
0.702;267870;119200;193047;148670
0.653;37261;35775;193048;1486
1.0;4051;4051;193118;0
0.0;0;0;193151;0
0.33;127715;84326;193159;43389
0.3;36008;27597;193169;8411
0.516;209635;131063;193185;78572
0.0;0;0;193214;0
0.0;0;0;193305;0
0.732;57680;48020;193322;9660
0.511;17350;9962;193337;7388
0.072;168358;32119;193359;136239
0.345;77637;66321;193364;11316
0.541;183464;104434;193367;79030
0.0;0;0;193368;0
1.0;1427;1427;193371;0
0.478;220951;115360;193372;105591
0.343;259238;107455;193373;151783
0.0;0;0;193379;0
0.909;5197;4325;193380;872
0.33;147261;93112;193386;54149
0.472;9028;7293;193402;1735
0.166;16221;5127;193408;11094
0.977;4354;3735;193426;619
0.282;988196;232321;193458;755875
0.0;0;0;193506;0
0.071;29624;13304;193532;16320
0.412;121914;94054;193549;27860
0.358;134274;74586;193554;59688
0.538;156907;80717;193562;76190
0.0;0;0;193566;0
0.388;17351;12111;193584;5240
0.179;14050;9450;193617;4600
0.369;36632;15277;193622;21355
0.478;51563;34419;193634;17144
0.392;1204079;452180;193637;751899
0.0;0;0;193662;0
0.112;179958;78679;193686;101279
0.867;4075;3128;193699;947
0.825;41088;38179;193723;2909
0.184;403947;184872;193739;219075
0.264;217270;129734;193747;87536
0.257;188324;86040;193759;102284
0.0;0;0;193777;0
0.824;203948;137585;193786;66363
0.121;409651;92696;193801;316955
0.226;66160;33117;193807;33043
0.0;0;0;193820;0
0.296;302693;69589;193835;233104
0.575;21866;14921;193974;6945
0.301;187966;123481;193981;64485
1.0;837;837;193988;0
0.0;0;0;194008;0
0.0;0;0;194038;0
0.529;24923;18999;194057;5924
0.964;2171;2300;194102;129
0.436;231914;100089;194109;131825
0.0;0;0;194118;0
0.0;0;0;194119;0
0.0;0;0;194122;0
0.238;23450;5922;194141;17528
0.0;0;0;194142;0
0.126;233179;69407;194151;163772
0.0;0;0;194152;0
0.468;889072;354211;194160;534861
0.861;64913;40726;194162;24187
0.0;0;0;194176;0
0.582;672439;450674;194178;221765
0.0;0;0;194184;0
0.196;199210;78646;194185;120564
0.192;184549;109213;194191;75336
0.32;259240;118165;194205;141075
0.488;152639;77992;194228;74647
0.706;9344;8176;194242;1168
0.22;179336;87054;194245;92282
0.0;0;0;194306;0
0.568;160394;124004;194350;36390
0.52;58996;37844;194353;21152
0.19;231490;54637;194364;176853
0.764;51750;41928;194379;9822
0.179;32659;17190;194383;15469
0.346;218306;160594;194389;57712
0.1;153978;38936;194394;115042
0.0;0;0;194410;0
0.092;45609;21082;194435;24527
1.0;6217;6217;194451;0
0.336;109105;34000;194466;75105
0.338;46668;29764;194469;16904
0.438;186680;88431;194478;98249
0.111;13464;0;194513;13464
1.0;2291;2291;194520;0
0.0;0;0;194539;0
0.432;100122;69005;194544;31117
0.553;45122;31862;194605;13260
0.0;0;0;194614;0
0.215;109807;45443;194647;64364
0.0;0;0;194694;0
0.565;56658;38403;194698;18255
0.0;0;0;194721;0
0.0;0;0;194725;0
0.326;1693453;439076;194730;1254377
0.486;310402;238933;194731;71469
0.419;4961;3120;194745;1841
0.0;0;0;194789;0
0.459;56566;38684;194799;17882
0.618;47749;30506;194835;17243
0.0;0;0;194841;0
0.805;21068;16721;194863;4347
0.0;0;0;194873;0
0.135;78589;26864;194881;51725
0.155;103061;48428;194975;54633
0.551;193402;155108;194984;38294
0.524;13234;4732;194993;8502
0.521;73486;42180;195005;31306
0.0;0;0;195032;0
1.0;53531;53531;195052;0
1.0;1870;1870;195054;0
1.0;81379;81379;195060;0
0.828;8113;7261;195061;852
0.266;361577;85251;195065;276326
0.0;0;0;195066;0
0.0;0;0;195139;0
0.08;12455;3997;195162;8458
0.518;116263;68683;195189;47580
0.512;161549;79364;195194;82185
0.0;0;0;195207;0
0.233;215576;112430;195235;103146
0.0;0;0;195242;0
0.595;43401;25218;195247;18183
0.171;251152;90216;195254;160936
1.0;4347;4347;195323;0
0.0;0;0;195378;0
0.0;0;0;195397;0
0.0;0;0;195414;0
0.0;0;0;195455;0
0.096;10942;6167;195460;4775
0.0;0;0;195475;0
0.0;0;0;195489;0
0.0;0;0;195492;0
0.503;55505;48304;195504;7201
0.193;105537;36189;195506;69348
0.728;26196;12434;195511;13762
1.0;0;0;195518;0
0.2;81062;27100;195521;53962
0.171;192072;104657;195524;87415
0.803;65177;59213;195527;5964
0.608;11702;7359;195545;4343
0.557;165066;134405;195551;30661
0.283;42708;20485;195554;22223
0.149;52255;21313;195565;30942
0.0;0;0;195610;0
0.0;0;0;195614;0
0.117;123280;43648;195648;79632
0.533;64227;38890;195656;25337
0.636;193662;150235;195669;43427
0.31;313317;121585;195676;191732
0.0;0;0;195690;0
0.111;55407;17032;195703;38375
1.0;520;520;195717;0
0.048;249157;82494;195722;166663
0.646;64854;17618;195731;47236
0.447;911399;368885;195734;542514
0.174;855823;240885;195737;614938
0.0;0;0;195739;0
0.057;96567;34254;195787;62313
1.0;1015;1015;195790;0
0.721;5742;5563;195810;179
0.429;29826;11543;195834;18283
0.24;77645;38858;195837;38787
0.342;817037;295438;195854;521599
0.131;511727;108974;195884;402753
0.556;62097;58066;195890;4031
1.0;2448;2448;195898;0
0.786;48867;36559;195902;12308
0.393;86297;72805;195903;13492
0.315;29225;19579;195912;9646
0.0;0;0;195961;0
0.662;319110;136608;195969;182502
1.0;4014;4014;195975;0
0.128;255086;60890;195976;194196
0.0;0;0;195989;0
0.0;0;0;196077;0
0.0;0;0;196087;0
0.0;0;0;196090;0
0.21;15837;9481;196091;6356
0.456;102852;80314;196107;22538
0.0;0;0;196116;0
0.127;4399;2815;196133;1584
0.56;46777;32276;196141;14501
0.186;173524;75251;196247;98273
0.208;650919;198898;196249;452021
0.61;18999;17692;196250;1307
0.368;74561;58334;196289;16227
0.223;451169;206258;196291;244911
0.798;42721;36710;196293;6011
0.069;14007;3369;196295;10638
1.0;49262;31534;196298;17728
0.0;0;0;196303;0
0.218;45815;23375;196356;22440
0.0;0;0;196373;0
0.102;100861;29092;196433;71769
0.521;50709;41964;196544;8745
0.0;0;0;196547;0
0.0;0;0;196557;0
0.329;97089;49758;196562;47331
1.0;32499;30525;196573;1974
1.0;546;546;196618;0
0.25;940;0;196619;940
0.252;66055;40945;196627;25110
0.0;0;0;196629;0
0.0;0;0;196634;0
0.912;5700;4435;196639;1265
0.0;0;0;196649;0
0.161;27028;22578;196652;4450
0.376;509174;263691;196673;245483
0.678;94210;57743;196686;36467
0.0;0;0;196726;0
1.0;9924;8466;196729;1458
0.109;25492;9886;196784;15606
0.0;0;0;196811;0
0.089;195464;64012;196854;131452
0.629;56439;20494;196878;35945
0.259;205674;109734;196894;95940
0.323;426675;140739;196912;285936
0.245;260095;96337;196913;163758
0.0;0;0;196919;0
0.694;22608;20753;196961;1855
0.344;35182;26944;196982;8238
0.428;233027;135466;196987;97561
0.0;0;0;196991;0
0.316;29362;8259;196995;21103
0.223;11464;5816;196999;5648
0.41;82805;46103;197016;36702
0.0;0;0;197022;0
0.27;208092;95272;197035;112820
0.302;585226;261009;197043;324217
0.448;39456;22419;197056;17037
0.361;322383;187496;197081;134887
0.886;19386;14342;197098;5044
0.549;191239;133894;197108;57345
0.0;0;0;197122;0
1.0;117858;88223;197124;29635
0.198;411549;137454;197132;274095
0.0;0;0;197140;0
0.0;0;0;197141;0
0.023;69927;31720;197148;38207
0.0;0;0;197153;0
0.309;156518;87619;197186;68899
0.367;437676;233676;197190;204000
0.14;112103;49418;197256;62685
0.0;0;0;197298;0
0.436;576762;274554;197308;302208
0.119;83720;28184;197324;55536
0.247;89664;21061;197388;68603
0.048;53048;12574;197393;40474
0.0;0;0;197434;0
1.0;0;0;197456;0
0.367;145421;79192;197459;66229
0.352;25715;17501;197507;8214
0.909;48857;29244;197514;19613
0.0;0;0;197522;0
0.421;43765;17312;197555;26453
1.0;6175;6175;197572;0
0.639;147084;78586;197574;68498
0.0;0;0;197590;0
0.332;154775;95833;197597;58942
0.302;134054;47757;197601;86297
0.0;0;0;197604;0
0.0;0;0;197651;0
0.657;16686;13199;197662;3487
0.0;0;0;197663;0
0.069;73406;26511;197694;46895
0.362;6633;6559;197705;74
0.0;0;0;197713;0
0.199;218876;85990;197722;132886
0.283;194362;118147;197728;76215
0.467;76409;38001;197731;38408
0.404;128816;87226;197755;41590
1.0;4957;4957;197769;0
0.0;0;0;197783;0
0.0;0;0;197787;0
0.0;0;0;197793;0
0.298;145395;87727;197830;57668
0.0;0;0;197837;0
0.271;48629;25687;197841;22942
0.32;40573;31050;197852;9523
1.0;592;592;197860;0
1.0;1111;1111;197867;0
0.32;210878;158507;197874;52371
0.361;196451;115765;197886;80686
0.431;321829;231821;197889;90008
0.0;0;0;197909;0
0.0;0;0;197925;0
0.262;53941;33325;197932;20616
0.596;119868;95944;197933;23924
0.438;114025;63191;197935;50834
0.0;0;0;197939;0
0.449;58019;24852;197963;33167
0.233;235086;96336;197982;138750
0.0;0;0;197985;0
0.497;61765;34564;197987;27201
0.216;252962;139540;197991;113422
0.0;0;0;198004;0
0.091;123137;37523;198022;85614
0.251;36150;22168;198047;13982
0.314;232447;110054;198053;122393
1.0;169457;87192;198057;82265
0.45;240712;96017;198060;144695
0.345;82731;53741;198061;28990
0.809;33513;31300;198062;2213
0.0;0;0;198067;0
0.435;87096;65122;198069;21974
0.435;177122;67042;198070;110080
0.324;69692;43620;198089;26072
0.0;0;0;198098;0
0.0;0;0;198113;0
0.325;201893;114501;198123;87392
0.619;88217;60210;198153;28007
0.349;73474;46539;198169;26935
0.194;274910;139117;198171;135793
0.211;386949;190843;198173;196106
0.0;0;0;198175;0
0.275;33780;22530;198177;11250
0.081;73181;21114;198180;52067
0.552;65078;49523;198181;15555
0.156;211728;70120;198189;141608
0.796;15610;11017;198195;4593
0.33;794372;400100;198207;394272
0.321;40063;23344;198209;16719
0.415;148542;85792;198234;62750
0.868;116399;83496;198256;32903
0.0;0;0;198257;0
0.798;248580;142435;198258;106145
0.097;191006;48494;198260;142512
0.352;67302;44358;198274;22944
0.285;95270;25238;198276;70032
0.401;108968;36807;198278;72161
0.398;169856;68112;198281;101744
0.0;0;0;198290;0
0.425;134589;79382;198303;55207
0.208;144691;84584;198315;60107
0.0;0;0;198320;0
0.309;280440;122569;198327;157871
0.248;373856;129151;198340;244705
0.938;1741;1666;198368;75
0.401;24299;17067;198382;7232
0.0;0;0;198391;0
0.286;329305;124371;198392;204934
0.0;0;0;198404;0
0.118;180938;31972;198411;148966
0.167;291936;100219;198413;191717
0.0;0;0;198416;0
1.0;173;173;198417;0
0.738;16947;12693;198428;4254
0.701;141516;111074;198448;30442
0.519;51147;35609;198476;15538
0.348;129437;82334;198486;47103
0.278;348015;151787;198496;196228
1.0;0;0;198528;0
0.985;14069;13273;198541;796
1.0;11017;11017;198564;0
1.0;476;476;198573;0
0.225;146711;67309;198590;79402
0.397;144865;58439;198604;86426
0.0;0;0;198608;0
0.0;0;0;198656;0
0.094;47790;29334;198663;18456
0.281;351067;150290;198685;200777
0.349;1091357;478874;198687;612483
0.0;0;0;198738;0
0.096;403677;130655;198753;273022
0.0;0;0;198768;0
0.1;201404;99249;198775;102155
0.775;57434;32449;198854;24985
0.0;0;0;198889;0
0.451;77006;50437;198907;26569
0.0;0;0;198917;0
0.083;201523;62857;198923;138666
0.063;45054;17470;199123;27584
0.208;138801;61105;199126;77696
0.441;106940;71637;199196;35303
1.0;774;774;199212;0
0.0;0;0;199262;0
0.21;2763;2709;199281;54
0.0;0;0;199284;0
0.003;45796;0;199298;45796
0.295;44452;27692;199414;16760
0.0;0;0;199419;0
0.24;57003;36641;199429;20362
0.358;215402;107637;199435;107765
0.511;80504;56298;199442;24206
0.374;212139;65868;199457;146271
0.677;66882;43559;199465;23323
0.129;193167;32803;199472;160364
0.346;116885;70805;199475;46080
0.926;180121;145749;199496;34372
0.479;450298;258833;199541;191465
0.878;151108;81997;199573;69111
0.0;0;0;199578;0
0.928;14560;13578;199587;982
0.87;42657;24795;199595;17862
0.247;58829;38221;199601;20608
0.0;0;0;199680;0
0.406;81633;52262;199687;29371
0.045;14064;10075;199909;3989
0.299;92238;69604;199912;22634
0.16;157062;90869;199913;66193
0.265;221828;88349;199928;133479
0.23;59909;26555;199933;33354
0.0;0;0;199976;0
0.346;203920;103516;199994;100404
0.83;10468;9972;200083;496
0.194;56698;28837;200097;27861
0.096;112791;24267;200149;88524
0.0;0;0;200163;0
0.095;97920;36530;200168;61390
0.129;35492;24227;200177;11265
0.0;0;0;200179;0
0.182;1126478;297300;200185;829178
0.0;0;0;200190;0
0.424;34841;21645;200249;13196
0.364;192438;107908;200262;84530
0.392;162165;125806;200266;36359
0.045;118384;22545;200270;95839
0.523;135658;109250;200279;26408
0.276;81780;61963;200283;19817
0.554;11199;5922;200286;5277
0.292;482714;134195;200305;348519
0.0;0;0;200335;0
0.493;540451;261711;200342;278740
0.139;123307;37566;200392;85741
0.519;49750;41479;200394;8271
0.19;209596;90510;200396;119086
0.0;0;0;200406;0
0.0;0;0;200419;0
0.391;369333;183818;200621;185515
0.302;334358;116172;200628;218186
0.143;198121;39539;200631;158582
0.0;0;0;200656;0
0.091;480;0;200659;480
0.0;0;0;200664;0
0.0;0;0;200770;0
1.0;12754;12754;200772;0
0.0;0;0;200773;0
0.405;92022;48025;200776;43997
1.0;0;0;200786;0
0.095;162707;38791;200788;123916
0.602;98195;66944;200804;31251
0.353;48897;29423;200814;19474
0.0;0;0;200821;0
0.0;0;0;200825;0
0.0;0;0;200840;0
0.0;0;0;200847;0
1.0;0;0;200854;0
0.893;137692;73930;200865;63762
0.391;1000042;396606;200875;603436
0.361;147115;80313;200885;66802
0.245;101216;49975;200897;51241
0.03;30583;9413;200905;21170
0.259;63696;47817;200922;15879
0.812;66205;49520;200927;16685
0.243;157319;85127;200946;72192
0.443;580005;305983;200952;274022
0.151;130252;60869;200956;69383
0.731;16157;12281;200963;3876
0.353;287180;154523;200966;132657
0.03;86216;23183;201040;63033
0.137;41741;8501;201073;33240
0.118;544909;154105;201096;390804
0.271;259458;151359;201103;108099
0.721;31904;23608;201105;8296
0.0;0;0;201112;0
0.0;0;0;201119;0
0.0;0;0;201120;0
0.0;0;0;201130;0
0.0;0;0;201160;0
0.795;151159;139877;201166;11282
0.187;47429;20200;201177;27229
0.174;211270;75768;201178;135502
0.145;60074;18874;201190;41200
0.0;0;0;201196;0
0.28;501454;233125;201201;268329
0.0;0;0;201234;0
0.322;38247;30329;201254;7918
0.783;2450;1781;201320;669
0.23;375833;131566;201324;244267
0.453;32755;16883;201327;15872
0.469;57919;34756;201329;23163
0.0;0;0;201366;0
0.573;63759;37245;201370;26514
0.524;27317;21965;201376;5352
0.427;67056;29184;201384;37872
0.426;17979;10428;201396;7551
0.154;632884;194172;201460;438712
0.491;24597;13369;201465;11228
0.923;29327;28551;201473;776
0.0;0;0;201506;0
0.0;0;0;201519;0
0.164;654464;259797;201579;394667
0.22;148538;76428;201583;72110
0.517;128703;109654;201594;19049
0.572;47878;39925;201599;7953
0.131;99734;62576;201602;37158
0.855;23318;15551;201635;7767
0.609;12256;5332;201664;6924
0.5;18805;17927;201704;878
0.103;331100;124275;201705;206825
0.408;222633;143284;201710;79349
0.543;233377;179226;201712;54151
0.0;0;0;201717;0
0.133;153967;48079;201745;105888
0.23;65317;28949;201757;36368
0.503;173751;141206;201776;32545
0.0;0;0;201783;0
0.165;439654;159239;201810;280415
0.48;168101;93670;201888;74431
0.0;0;0;201892;0
0.324;510357;215479;201905;294878
0.53;37184;33537;201920;3647
1.0;11407;6841;201929;4566
0.523;7341;7272;201948;69
0.0;0;0;201954;0
0.592;11476;8821;201981;2655
0.5;346;0;202008;346
0.371;120204;60543;202025;59661
0.123;45738;18631;202053;27107
1.0;1597;1597;202066;0
0.39;119697;65933;202077;53764
0.434;150674;107549;202090;43125
0.527;251246;138019;202093;113227
0.0;0;0;202098;0
0.26;538716;139882;202104;398834
0.086;262900;72773;202106;190127
0.279;380391;52403;202113;327988
0.299;55513;32104;202115;23409
0.441;712834;371404;202118;341430
0.139;48483;5408;202126;43075
0.483;508921;359549;202128;149372
0.108;897927;172260;202130;725667
0.0;0;0;202132;0
0.096;259429;80112;202133;179317
0.0;0;0;202139;0
0.221;78888;35846;202141;43042
0.0;0;0;202144;0
0.252;15748;13690;202148;2058
0.0;0;0;202160;0
0.0;0;0;202168;0
0.809;95844;47949;202261;47895
0.205;42297;27518;202287;14779
0.646;13117;10932;202300;2185
0.0;0;0;202304;0
0.623;79515;39916;202313;39599
0.393;3762;1727;202324;2035
0.625;73596;45846;202327;27750
0.975;5903;5698;202329;205
0.159;1043292;244103;202342;799189
0.789;7807;7015;202346;792
0.638;113739;102223;202366;11516
0.17;596382;200162;202377;396220
0.46;121178;88622;202390;32556
0.147;265053;85733;202397;179320
0.0;0;0;202399;0
0.07;101566;18682;202403;82884
0.0;0;0;202411;0
1.0;7326;7326;202420;0
0.453;177375;119584;202445;57791
0.122;153282;77505;202472;75777
0.438;262184;155991;202473;106193
0.549;43162;28947;202489;14215
0.115;72159;31354;202492;40805
0.0;0;0;202499;0
0.255;138108;49659;202504;88449
0.0;0;0;202508;0
0.0;0;0;202546;0
0.0;0;0;202564;0
1.0;60418;50756;202595;9662
1.0;17847;17659;202606;188
0.025;55585;13121;202610;42464
0.446;175066;121788;202660;53278
0.181;232570;71790;202719;160780
0.307;420991;271304;202722;149687
0.0;0;0;202735;0
0.643;19468;14403;202741;5065
0.951;51609;46204;202745;5405
0.081;236864;55208;202767;181656
0.0;0;0;202770;0
0.0;0;0;202771;0
0.404;1141477;348530;202779;792947
0.449;44243;35352;202787;8891
0.194;246758;122861;202794;123897
0.38;499554;247131;202796;252423
0.0;0;0;202813;0
0.146;69604;18115;202820;51489
0.374;21898;10654;202823;11244
0.351;69426;36805;202825;32621
0.198;366533;107216;202826;259317
0.477;22873;14177;202841;8696
0.0;0;0;202856;0
0.265;105831;67407;202861;38424
0.48;9340;7560;202862;1780
0.276;687579;256373;202865;431206
0.253;251620;146091;202867;105529
0.706;89942;49487;202877;40455
0.35;184414;116259;202885;68155
0.463;94741;61216;202889;33525
0.252;649851;262794;202907;387057
0.0;0;0;202910;0
0.408;152038;86328;202911;65710
0.708;179394;146091;202917;33303
1.0;2559;2559;203000;0
0.0;0;0;203006;0
0.3;15281;11231;203008;4050
0.533;204132;121434;203033;82698
0.696;167121;124835;203044;42286
1.0;1534;1534;203087;0
0.0;0;0;203127;0
0.308;292153;145972;203137;146181
0.477;836655;416728;203154;419927
0.213;42966;32350;203162;10616
0.133;79021;28656;203164;50365
0.0;0;0;203186;0
0.252;113139;64204;203188;48935
0.594;37636;31735;203190;5901
0.32;226677;121596;203197;105081
0.329;94444;46322;203218;48122
0.385;1365953;435563;203219;930390
0.441;92705;51953;203222;40752
0.297;45673;33581;203231;12092
1.0;2352;2352;203239;0
0.0;0;0;203241;0
0.451;212910;159670;203356;53240
0.577;59794;39580;203385;20214
0.695;69835;56261;203388;13574
0.34;761324;286109;203394;475215
0.281;136446;36563;203397;99883
0.918;22718;15686;203407;7032
0.303;89414;35749;203514;53665
0.978;11837;11411;203522;426
0.116;339035;117934;203529;221101
0.09;127511;31212;203537;96299
0.187;201825;119182;203539;82643
0.135;122295;39017;203584;83278
0.0;0;0;203599;0
0.0;0;0;203605;0
0.0;0;0;203656;0
0.664;97763;84015;203661;13748
0.448;71589;54645;203663;16944
0.069;74925;37271;203678;37654
0.0;0;0;203699;0
0.0;0;0;203709;0
0.0;0;0;203710;0
0.808;191431;67025;203724;124406
0.424;24365;9187;203726;15178
0.222;624867;208179;203731;416688
0.0;0;0;203761;0
0.107;163102;80988;203809;82114
0.0;0;0;203820;0
0.0;0;0;203826;0
0.109;32919;13851;203828;19068
0.072;32605;4862;203838;27743
0.597;217624;108618;203842;109006
0.523;42262;37312;203846;4950
0.0;0;0;203851;0
0.36;368157;122655;203855;245502
0.0;0;0;203862;0
0.107;577445;150515;203899;426930
0.125;1039825;213566;203922;826259
0.105;83284;43090;203923;40194
0.374;180590;105567;203924;75023
0.058;86786;17267;203928;69519
0.73;2435;2251;203931;184
0.822;20950;17211;203933;3739
0.418;263320;172427;203937;90893
0.185;63407;17455;203954;45952
0.195;317154;99843;203956;217311
0.295;22252;13970;203959;8282
0.283;597822;227780;203983;370042
0.242;71515;27801;203984;43714
0.35;115806;34823;203995;80983
0.376;117021;34631;204009;82390
0.0;0;0;204029;0
0.172;137142;55326;204048;81816
1.0;6217;6217;204079;0
0.0;0;0;204080;0
0.0;0;0;204083;0
0.0;0;0;204088;0
0.925;6440;6199;204089;241
0.0;0;0;204101;0
0.449;690768;319950;204132;370818
0.618;38291;30608;204192;7683
0.041;150319;35683;204215;114636
0.443;117999;36793;204221;81206
0.494;38585;28072;204230;10513
0.84;100272;76838;204237;23434
0.0;0;0;204238;0
0.55;70205;32773;204241;37432
0.398;1027972;355833;204253;672139
0.366;1548849;383279;204257;1165570
0.473;250580;127965;204261;122615
1.0;3399;3399;204278;0
0.363;846171;421236;204284;424935
0.724;163416;89088;204331;74328
0.0;0;0;204364;0
0.374;179853;79010;204384;100843
0.218;506069;202875;204411;303194
0.0;0;0;204416;0
0.683;36666;17582;204440;19084
1.0;1265;1265;204443;0
0.313;24716;12425;204499;12291
0.213;435479;184501;204507;250978
0.0;0;0;204515;0
0.0;0;0;204527;0
0.0;0;0;204538;0
0.371;8590;7391;204553;1199
0.0;0;0;204574;0
0.353;214401;110771;204606;103630
1.0;1038;1038;204626;0
0.78;52063;45777;204640;6286
0.198;232879;131411;204662;101468
0.195;555465;177478;204674;377987
0.048;38672;17939;204696;20733
1.0;29206;29206;204698;0
0.437;203805;83228;204703;120577
1.0;34144;27969;204709;6175
0.0;0;0;204719;0
0.147;536220;129759;204725;406461
0.16;150334;41358;204735;108976
1.0;10401;10401;204737;0
0.126;259673;106298;204747;153375
0.0;0;0;204754;0
0.0;0;0;204771;0
0.637;106209;63535;204819;42674
0.3;63773;48819;204828;14954
0.857;694;562;204829;132
0.0;0;0;204831;0
0.0;0;0;204863;0
0.088;60864;20941;204865;39923
0.855;39864;31183;204899;8681
0.198;364644;112404;204938;252240
0.0;0;0;204943;0
0.0;0;0;204961;0
0.0;0;0;204990;0
0.0;0;0;204993;0
0.252;67001;39411;205038;27590
0.517;67438;38288;205040;29150
1.0;22763;13262;205042;9501
0.304;94485;36945;205050;57540
0.33;197057;58153;205073;138904
0.0;0;0;205083;0
0.0;0;0;205107;0
0.0;0;0;205153;0
0.0;0;0;205157;0
0.245;87361;32644;205162;54717
0.0;0;0;205166;0
0.399;60637;33052;205211;27585
0.0;0;0;205231;0
0.394;431206;159928;205255;271278
0.394;127660;94602;205288;33058
0.945;7330;7283;205313;47
0.128;358297;142608;205339;215689
0.0;0;0;205345;0
0.0;0;0;205375;0
0.0;0;0;205379;0
0.0;0;0;205389;0
0.0;0;0;205581;0
0.0;0;0;205594;0
0.232;43682;32581;205595;11101
0.304;439352;202025;205625;237327
0.382;138241;84795;205633;53446
0.317;944163;256154;205663;688009
0.242;27674;15054;205673;12620
0.713;46499;41361;205713;5138
0.468;517062;219752;205725;297310
0.15;285491;154171;205740;131320
0.413;108736;92155;205741;16581
0.186;101867;53807;205799;48060
0.313;817161;280257;205831;536904
0.085;148087;23363;205835;124724
0.717;3716;3228;205871;488
0.0;0;0;205909;0
0.0;0;0;205981;0
0.054;20396;11617;205993;8779
0.0;0;0;206000;0
0.225;64961;28580;206011;36381
0.581;47196;30881;206018;16315
0.875;2082;2003;206022;79
0.33;170361;34782;206029;135579
0.388;241308;152160;206030;89148
0.0;0;0;206042;0
0.32;615105;253537;206056;361568
1.0;7324;7324;206058;0
0.106;98843;33633;206061;65210
0.0;0;0;206083;0
0.0;0;0;206129;0
0.23;11940;7788;206130;4152
0.0;0;0;206144;0
0.161;224411;75830;206188;148581
0.186;47298;33498;206189;13800
0.335;177909;38352;206195;139557
0.141;453585;106145;206199;347440
0.0;0;0;206206;0
0.415;62196;43850;206208;18346
0.0;0;0;206209;0
0.279;71198;40965;206217;30233
0.711;139914;133341;206249;6573
0.0;0;0;206255;0
0.322;566158;231871;206276;334287
0.231;94328;43289;206287;51039
0.391;1571201;538597;206294;1032604
0.0;0;0;206322;0
0.469;53818;27948;206355;25870
0.304;25510;20382;206359;5128
0.179;82197;44652;206360;37545
0.0;0;0;206382;0
0.168;71749;39416;206393;32333
0.244;64749;11050;206412;53699
0.191;473537;150090;206439;323447
0.369;97105;69609;206443;27496
0.0;0;0;206448;0
0.0;0;0;206463;0
0.586;7541;6019;206474;1522
1.0;0;0;206480;0
0.878;39321;29425;206511;9896
0.0;0;0;206513;0
0.0;0;0;206517;0
0.561;51747;36972;206519;14775
0.151;167586;42796;206520;124790
0.335;360277;204123;206529;156154
0.162;381509;87275;206534;294234
0.243;377569;151495;206539;226074
0.0;0;0;206550;0
0.272;284233;105516;206561;178717
0.158;67402;35891;206623;31511
0.0;0;0;206656;0
0.253;113887;55501;206684;58386
0.258;358508;155419;206718;203089
0.437;190874;107398;206743;83476
0.19;116152;73080;206748;43072
0.23;109398;60428;206778;48970
0.308;323175;175371;206804;147804
0.209;41314;11855;206828;29459
0.15;29236;19342;206871;9894
0.218;304920;132195;206874;172725
0.566;14406;12657;206902;1749
0.0;0;0;206941;0
0.0;0;0;206978;0
0.125;532706;137175;206988;395531
1.0;19540;18788;206994;752
0.436;20639;7791;206996;12848
0.199;29511;17230;206997;12281
0.167;38825;18714;207000;20111
0.163;66474;36870;207008;29604
0.042;36443;18809;207021;17634
0.282;188846;124863;207028;63983
0.432;67422;49210;207040;18212
0.0;0;0;207091;0
0.081;164017;105790;207141;58227
0.0;0;0;207145;0
0.115;268603;118043;207172;150560
0.386;164241;136157;207181;28084
0.062;26034;6848;207207;19186
1.0;396;396;207208;0
0.0;0;0;207220;0
0.417;393635;174703;207223;218932
0.0;0;0;207227;0
0.0;0;0;207235;0
0.225;364560;138159;207263;226401
0.524;62353;43164;207275;19189
0.0;0;0;207295;0
0.258;68222;38161;207317;30061
0.0;0;0;207324;0
0.376;74118;55999;207333;18119
0.082;55138;20426;207334;34712
0.884;233951;184884;207349;49067
0.409;1370307;350558;207402;1019749
0.496;269123;180399;207416;88724
0.583;13089;9874;207419;3215
0.0;0;0;207423;0
0.055;166552;35753;207432;130799
0.519;420904;225302;207463;195602
0.0;0;0;207464;0
0.0;0;0;207470;0
0.197;343015;161966;207487;181049
0.415;24381;17994;207489;6387
0.116;347734;102637;207501;245097
0.473;457578;160327;207504;297251
0.0;0;0;207532;0
0.182;96379;36645;207551;59734
0.637;78775;54142;207578;24633
0.0;0;0;207581;0
0.218;33420;19870;207587;13550
0.947;122121;103990;207588;18131
0.569;102150;50827;207589;51323
0.108;155240;58746;207592;96494
0.0;0;0;207595;0
0.0;0;0;207597;0
0.0;0;0;207601;0
0.756;122227;56735;207609;65492
0.438;56728;29899;207614;26829
0.219;203425;67742;207617;135683
0.0;0;0;207619;0
0.194;48820;26450;207634;22370
0.86;84593;82976;207710;1617
0.0;0;0;207724;0
0.335;133051;76437;207733;56614
0.337;480449;169469;207740;310980
0.376;60530;43389;207744;17141
0.0;0;0;207769;0
0.153;310821;111682;207774;199139
0.694;12687;9223;207796;3464
0.176;192197;52999;207800;139198
0.75;51990;41855;207810;10135
0.459;216826;146543;207812;70283
0.802;9254;8542;207838;712
0.358;410546;214208;207909;196338
0.171;46597;30104;207938;16493
0.44;102320;65217;207939;37103
0.114;200482;72557;207950;127925
0.0;0;0;208020;0
0.0;0;0;208021;0
0.0;0;0;208022;0
0.0;0;0;208029;0
0.087;57006;32055;208035;24951
0.0;0;0;208045;0
0.05;76604;18251;208056;58353
0.0;0;0;208064;0
1.0;11399;11399;208069;0
0.0;0;0;208078;0
0.11;86212;41425;208081;44787
0.217;200302;86962;208086;113340
0.0;0;0;208091;0
1.0;550;550;208099;0
0.134;219872;37072;208112;182800
0.044;92120;34208;208115;57912
0.0;0;0;208124;0
1.0;9727;9727;208138;0
0.321;837894;362659;208151;475235
0.27;186666;79050;208184;107616
0.102;124796;39178;208206;85618
0.119;131059;49733;208209;81326
0.061;144383;37072;208213;107311
0.0;0;0;208219;0
0.822;55190;52592;208221;2598
0.0;0;0;208226;0
0.0;0;0;208233;0
0.0;0;0;208236;0
0.0;0;0;208246;0
0.393;774177;255563;208271;518614
0.181;119462;80597;208330;38865
0.231;353487;168607;208338;184880
0.0;0;0;208349;0
0.0;0;0;208372;0
1.0;0;0;208406;0
1.0;0;0;208409;0
0.541;38895;14715;208411;24180
0.155;50352;12609;208492;37743
0.0;0;0;208499;0
0.168;198355;83798;208506;114557
0.0;0;0;208510;0
0.225;20075;13036;208513;7039
0.0;0;0;208521;0
0.396;52024;35828;208556;16196
0.0;0;0;208563;0
0.0;0;0;208565;0
0.0;0;0;208577;0
0.0;0;0;208584;0
0.0;0;0;208589;0
0.276;1998093;264849;208602;1733244
0.722;25735;12650;208633;13085
0.177;302002;117032;208638;184970
0.401;86074;52700;208641;33374
0.103;209508;49892;208648;159616
0.0;0;0;208652;0
0.283;1105819;246042;208656;859777
0.393;37376;11931;208657;25445
1.0;1454;1454;208661;0
0.0;0;0;208683;0
0.235;60478;42804;208686;17674
1.0;98;98;208691;0
0.0;0;0;208713;0
0.0;0;0;208719;0
0.292;100724;66296;208721;34428
0.0;0;0;208731;0
1.0;5539;5539;208748;0
0.759;7484;4984;208752;2500
0.0;0;0;208883;0
0.252;109426;26011;208944;83415
0.42;52826;30449;208952;22377
0.299;259495;119592;208968;139903
0.404;71296;51915;208969;19381
0.16;185234;56268;208970;128966
0.333;784;0;208991;784
0.285;176546;93728;208995;82818
1.0;317;317;209006;0
0.455;65264;43720;209009;21544
1.0;770;770;209085;0
0.0;0;0;209088;0
0.208;12785;6045;209093;6740
0.449;115932;64596;209094;51336
0.505;71026;35342;209103;35684
0.28;38088;24906;209104;13182
0.465;162752;92496;209110;70256
0.634;187993;117196;209111;70797
0.513;13385;10074;209113;3311
0.258;45874;31473;209150;14401
0.0;0;0;209154;0
0.402;1615172;446301;209160;1168871
0.157;343572;173097;209192;170475
0.295;232218;91906;209196;140312
0.904;64844;56900;209213;7944
0.212;170251;54893;209215;115358
0.052;269883;35820;209221;234063
0.0;0;0;209222;0
0.0;0;0;209244;0
0.501;70416;56565;209254;13851
0.157;197948;61239;209256;136709
0.0;0;0;209265;0
0.369;115921;75214;209267;40707
0.18;60069;29108;209282;30961
0.366;269871;99117;209326;170754
0.0;0;0;209333;0
0.186;88734;36603;209353;52131
0.0;0;0;209373;0
0.329;221198;65394;209374;155804
1.0;9018;9018;209383;0
0.0;0;0;209391;0
0.118;582254;110348;209395;471906
0.0;0;0;209404;0
0.382;6997;4468;209412;2529
0.072;46618;17994;209443;28624
0.229;1053849;250772;209454;803077
0.0;0;0;209464;0
0.379;176125;101116;209478;75009
0.508;82106;47105;209509;35001
0.145;853695;243806;209540;609889
0.064;35693;16811;209565;18882
0.568;66240;39638;209574;26602
0.093;398275;110965;209615;287310
0.902;19367;7984;209621;11383
0.0;0;0;209623;0
0.219;326136;78905;209673;247231
0.14;55958;3485;209678;52473
1.0;1135;1135;209683;0
0.277;330698;71143;209689;259555
0.567;11511;10226;209694;1285
0.051;83982;17088;209701;66894
0.406;92736;80413;209704;12323
0.0;0;0;209712;0
0.142;1029661;212420;209764;817241
0.692;90799;57702;209771;33097
0.157;142222;34940;209780;107282
0.054;107387;24448;209785;82939
0.09;140829;33493;209793;107336
0.077;271095;77060;209795;194035
0.036;4566;0;209802;4566
0.374;25132;18926;209817;6206
0.526;1548;1435;209826;113
0.0;0;0;209843;0
0.0;0;0;209855;0
0.281;43107;14640;209859;28467
0.0;0;0;209862;0
0.398;324123;177002;209871;147121
0.0;0;0;209872;0
0.212;33518;13596;209876;19922
0.607;165261;101287;209885;63974
0.299;60652;49141;209887;11511
0.177;76154;32173;209892;43981
0.412;108146;78115;209924;30031
0.077;31520;9589;209938;21931
0.165;46581;21302;209988;25279
0.0;0;0;210013;0
0.271;9887;1911;210015;7976
0.0;0;0;210037;0
1.0;775;775;210039;0
0.885;107820;100433;210044;7387
0.378;245811;135621;210046;110190
0.0;0;0;210050;0
0.187;407426;134463;210059;272963
0.3;308101;167182;210072;140919
0.575;11310;9230;210080;2080
0.166;599133;225176;210088;373957
1.0;0;0;210111;0
0.597;54716;42169;210125;12547
0.645;19766;18181;210130;1585
0.417;19637;16233;210135;3404
0.169;205993;80319;210136;125674
0.718;72055;54770;210142;17285
0.126;27788;8307;210151;19481
0.0;0;0;210177;0
0.142;274395;97854;210181;176541
0.206;56933;29002;210187;27931
0.0;0;0;210188;0
0.227;153954;92701;210190;61253
0.43;32076;14766;210191;17310
0.161;102231;54408;210197;47823
0.221;459770;160003;210202;299767
0.498;140401;76074;210204;64327
0.204;766746;211970;210207;554776
0.12;81109;47283;210208;33826
0.16;423388;124137;210214;299251
0.685;87008;36006;210264;51002
0.501;94618;62352;210297;32266
0.0;0;0;210301;0
0.137;340329;122783;210303;217546
1.0;45896;19448;210345;26448
0.518;25592;23337;210346;2255
0.0;0;0;210365;0
0.507;168458;99885;210367;68573
0.245;21786;16714;210382;5072
0.223;344539;196511;210395;148028
0.298;361106;124823;210398;236283
0.257;960561;312707;210418;647854
0.487;171996;109829;210446;62167
0.0;0;0;210463;0
0.105;135490;50887;210473;84603
0.185;19591;9059;210476;10532
0.4;985024;426601;210527;558423
0.37;209404;87892;210530;121512
0.0;0;0;210539;0
0.0;0;0;210576;0
0.222;214220;116542;210633;97678
1.0;2304;2295;210666;9
0.0;0;0;210688;0
0.0;0;0;210728;0
0.183;154007;31790;210742;122217
0.334;187971;94751;210770;93220
0.381;27015;12425;210774;14590
0.0;0;0;210801;0
0.0;0;0;210807;0
0.056;76753;11737;210833;65016
0.083;2734;322;210834;2412
0.0;0;0;210860;0
0.271;227698;129150;210935;98548
0.0;0;0;210978;0
0.035;85005;17432;210991;67573
0.224;82699;32845;211059;49854
0.2;312346;116629;211063;195717
0.0;0;0;211077;0
0.0;0;0;211080;0
0.498;76074;44652;211104;31422
0.679;41559;28786;211125;12773
0.456;69397;41705;211141;27692
0.0;0;0;211157;0
0.398;47173;30323;211165;16850
1.0;5065;5065;211194;0
0.59;66181;45677;211195;20504
0.013;60460;22978;211196;37482
0.264;320114;168539;211200;151575
0.299;288196;147245;211202;140951
0.279;93908;63302;211203;30606
0.388;72014;49093;211204;22921
0.976;128464;101073;211207;27391
0.983;4341;4186;211209;155
0.0;0;0;211211;0
0.118;362549;148925;211221;213624
0.088;19569;8758;211222;10811
0.214;507739;214439;211223;293300
0.222;290730;110103;211224;180627
0.369;41872;36666;211228;5206
0.0;0;0;211229;0
0.151;179817;77256;211244;102561
0.369;119985;68552;211248;51433
0.0;0;0;211250;0
0.0;0;0;211261;0
0.112;104560;49645;211270;54915
0.0;0;0;211277;0
0.0;0;0;211279;0
0.453;50292;47172;211281;3120
0.288;93279;44145;211284;49134
0.174;83230;28414;211286;54816
0.442;140705;31514;211293;109191
0.0;0;0;211299;0
0.103;325213;135862;211301;189351
0.833;2069;2060;211302;9
0.0;0;0;211309;0
0.368;478405;218294;211322;260111
0.49;21659;15764;211324;5895
0.353;222614;129416;211327;93198
0.484;122391;72637;211329;49754
0.178;261760;111116;211334;150644
0.065;63357;32749;211336;30608
0.0;0;0;211343;0
0.0;0;0;211345;0
0.987;41754;35563;211347;6191
0.118;17359;10393;211352;6966
0.473;20454;12141;211354;8313
0.376;28135;22085;211361;6050
0.366;10967;9204;211363;1763
0.363;73629;54105;211364;19524
0.0;0;0;211372;0
0.215;51697;27724;211374;23973
0.343;383537;205336;211386;178201
0.0;0;0;211395;0
0.326;206978;114738;211396;92240
0.0;0;0;211420;0
0.432;71134;45652;211421;25482
0.255;360090;208510;211439;151580
0.0;0;0;211446;0
0.889;26527;25575;211462;952
0.706;15421;9034;211468;6387
0.165;139259;68859;211471;70400
0.362;123923;82923;211472;41000
0.441;72642;39249;211482;33393
0.225;225212;102586;211487;122626
0.1;126445;53183;211500;73262
0.05;45077;22470;211501;22607
1.0;33465;33463;211504;2
0.204;10129;8827;211510;1302
0.0;0;0;211515;0
0.056;51889;18272;211519;33617
0.632;20200;19031;211522;1169
0.0;0;0;211552;0
0.0;0;0;211594;0
0.58;129203;76534;211599;52669
0.501;68084;36829;211607;31255
0.206;213230;88114;211608;125116
0.0;0;0;211625;0
0.0;0;0;211628;0
0.447;659257;341661;211710;317596
0.132;102692;49694;211937;52998
1.0;346;346;211940;0
0.483;104782;53278;211953;51504
0.534;61997;53902;211972;8095
0.933;16971;16276;211973;695
0.597;165378;137674;211989;27704
0.24;509925;191206;211997;318719
0.108;78566;27081;212001;51485
0.0;0;0;212008;0
0.0;0;0;212009;0
0.524;8921;7580;212014;1341
0.0;0;0;212026;0
0.648;102810;79721;212033;23089
0.261;55812;25243;212038;30569
0.451;316793;170042;212043;146751
0.1;45836;7108;212051;38728
0.847;16277;15478;212056;799
0.007;31071;0;212074;31071
0.0;0;0;212089;0
0.887;19073;13489;212096;5584
0.386;150806;76020;212129;74786
0.266;511357;231131;212132;280226
0.0;0;0;212216;0
0.162;1826;1403;212275;423
0.841;57186;18103;212291;39083
0.214;223981;100244;212297;123737
0.0;0;0;212317;0
0.0;0;0;212355;0
0.202;41048;20397;212356;20651
0.324;284394;144947;212357;139447
0.301;405007;179462;212360;225545
1.0;9727;9727;212387;0
0.0;0;0;212416;0
0.278;76904;40825;212425;36079
0.368;4199;2268;212443;1931
0.077;68629;30003;212454;38626
0.201;320061;91250;212481;228811
0.314;161664;87702;212486;73962
0.243;63189;44591;212518;18598
0.0;0;0;212519;0
0.263;398508;144603;212526;253905
0.156;292023;114310;212528;177713
0.236;236961;86584;212536;150377
0.426;167193;117438;212539;49755
0.128;6419;6040;212546;379
0.0;0;0;212567;0
0.631;6833;5369;212596;1464
0.0;0;0;212628;0
0.488;20953;2593;212647;18360
0.297;13556;3747;212661;9809
0.0;0;0;212676;0
0.313;51982;26718;212691;25264
0.0;0;0;212715;0
0.374;43531;20435;212723;23096
0.086;94348;13318;212726;81030
0.133;330507;49027;212727;281480
0.0;0;0;212766;0
0.0;0;0;212844;0
0.0;0;0;212877;0
0.0;0;0;212885;0
0.389;56976;30767;212889;26209
0.438;83782;75013;212894;8769
0.189;9695;9604;212901;91
0.308;178890;108200;212925;70690
0.309;10990;8830;212948;2160
0.424;15277;13662;212971;1615
0.523;36574;30665;213033;5909
0.266;28160;18226;213068;9934
0.121;7681;6311;213079;1370
1.0;0;0;213083;0
0.832;125867;99341;213098;26526
0.0;0;0;213102;0
0.309;457744;245475;213135;212269
0.145;59010;25521;213170;33489
0.095;44848;16958;213173;27890
0.205;177944;78114;213175;99830
0.204;121527;49415;213183;72112
0.161;87664;42441;213332;45223
0.366;201415;151907;213334;49508
0.391;38365;8391;213407;29974
0.0;0;0;213410;0
1.0;0;0;213412;0
0.0;0;0;213441;0
0.0;0;0;213487;0
0.141;316108;97609;213497;218499
0.285;349588;144172;213501;205416
0.335;120983;80405;213613;40578
0.0;0;0;213665;0
0.454;94434;50384;213719;44050
0.123;80540;22778;213728;57762
0.0;0;0;213783;0
0.252;148623;74456;213792;74167
0.0;0;0;213808;0
0.466;143137;114331;213842;28806
1.0;0;0;213869;0
0.337;199367;123477;213969;75890
0.793;29049;21883;213997;7166
0.627;41540;8193;214040;33347
1.0;0;0;214127;0
0.343;136061;117048;214128;19013
0.078;23119;8336;214191;14783
0.096;11107;6045;214203;5062
0.348;26940;13356;214220;13584
0.0;0;0;214227;0
0.048;130786;45840;214235;84946
0.763;9317;3100;214305;6217
0.535;34646;8433;214358;26213
0.0;0;0;214381;0
0.0;0;0;214383;0
0.385;57367;34768;214389;22599
0.365;158627;98180;214390;60447
0.18;14831;8110;214426;6721
0.0;0;0;214427;0
1.0;8488;8488;214473;0
0.441;359030;152334;214494;206696
0.336;20981;13781;214545;7200
0.344;488944;219565;214556;269379
0.314;204005;118114;214558;85891
0.387;28298;18775;214574;9523
0.023;90291;47672;214586;42619
0.222;102318;43389;214601;58929
0.0;0;0;214607;0
0.297;249005;143121;214614;105884
0.817;148747;87585;214617;61162
0.178;248488;87368;214618;161120
0.255;106642;41087;214623;65555
0.0;0;0;214634;0
0.196;216266;125140;214640;91126
0.319;409471;182575;214647;226896
0.0;0;0;214678;0
0.324;75966;53561;214717;22405
0.053;12600;7124;214761;5476
0.0;0;0;214767;0
0.285;189490;92817;214777;96673
0.155;245659;54537;214815;191122
0.319;236072;166492;214817;69580
0.592;45253;37746;214861;7507
0.378;14195;8100;214869;6095
0.0;0;0;214877;0
0.329;438939;178871;214879;260068
0.0;0;0;214884;0
0.314;165338;20488;214890;144850
1.0;14641;14641;214897;0
0.338;186945;75755;214907;111190
0.239;111912;54040;214934;57872
0.515;11011;8822;214938;2189
0.0;0;0;215019;0
0.331;159960;61088;215070;98872
0.0;0;0;215099;0
0.42;904228;355358;215102;548870
0.26;87901;46718;215115;41183
0.0;0;0;215127;0
0.447;97980;77575;215158;20405
0.144;66599;36067;215165;30532
1.0;0;0;215168;0
0.219;428899;167441;215177;261458
0.243;705321;302374;215220;402947
0.0;0;0;215276;0
0.389;230427;163201;215289;67226
0.0;0;0;215322;0
0.403;206521;112422;215342;94099
0.298;547695;179458;215348;368237
0.0;0;0;215354;0
0.216;41711;18600;215361;23111
0.0;0;0;215384;0
0.248;218445;135799;215396;82646
0.115;145691;59346;215407;86345
0.408;77718;42336;215432;35382
0.0;0;0;215441;0
0.271;257960;88515;215451;169445
0.0;0;0;215464;0
0.298;226957;121776;215466;105181
0.519;47202;20790;215484;26412
0.943;2692;2259;215487;433
0.165;123833;53253;215493;70580
0.0;0;0;215538;0
0.0;0;0;215541;0
0.0;0;0;215569;0
0.233;448981;223960;215571;225021
0.081;42299;27442;215601;14857
1.0;3765;3765;215672;0
0.446;875186;429965;215701;445221
0.158;216690;69275;215705;147415
0.0;0;0;215799;0
0.33;136683;71258;215801;65425
0.079;18302;8714;215808;9588
0.263;760607;290597;215813;470010
0.094;102789;50983;215827;51806
0.382;1117931;488275;215837;629656
0.0;0;0;215875;0
0.194;692481;175469;215902;517012
0.196;93980;35177;215916;58803
0.0;0;0;215921;0
0.147;46023;25714;215922;20309
0.0;0;0;215929;0
0.0;0;0;215951;0
0.07;98389;26472;215960;71917
0.292;316321;110145;215968;206176
0.173;17401;6834;215988;10567
0.449;9266;8592;215990;674
0.0;0;0;216003;0
0.213;143460;57355;216021;86105
0.0;0;0;216025;0
0.025;24946;11128;216036;13818
0.0;0;0;216039;0
0.294;8068;8034;216077;34
0.514;34052;25103;216155;8949
0.0;0;0;216161;0
0.297;637299;225008;216169;412291
0.0;0;0;216191;0
0.495;140814;25628;216250;115186
0.409;98555;59106;216252;39449
0.474;455180;222015;216254;233165
0.652;78648;62649;216279;15999
0.853;9661;7363;216300;2298
0.0;0;0;216306;0
0.217;133867;81697;216314;52170
0.086;38852;7949;216321;30903
0.244;34254;22299;216347;11955
0.317;106662;44820;216376;61842
0.0;0;0;216389;0
0.311;126798;45314;216397;81484
0.0;0;0;216406;0
0.184;909317;187515;216412;721802
0.145;49476;9965;216430;39511
0.31;273442;111667;216442;161775
0.158;626465;211261;216447;415204
0.241;457547;67204;216456;390343
0.638;134474;102992;216463;31482
0.31;371624;179494;216484;192130
0.804;27542;21288;216487;6254
0.699;8935;5980;216498;2955
0.0;0;0;216529;0
0.0;0;0;216562;0
0.194;442451;125654;216573;316797
0.32;36799;31952;216576;4847
0.09;43008;18053;216608;24955
0.206;144717;66669;216612;78048
1.0;942;942;216630;0
0.171;175556;36583;216638;138973
0.0;0;0;216653;0
0.0;0;0;216654;0
0.0;0;0;216656;0
0.341;164533;33873;216684;130660
0.0;0;0;216706;0
0.0;0;0;216712;0
0.0;0;0;216722;0
0.062;10600;5937;216723;4663
0.0;0;0;216736;0
0.245;823807;405831;216741;417976
0.208;181030;116688;216778;64342
0.541;278068;190061;216788;88007
0.0;0;0;216805;0
0.197;114083;38313;216820;75770
0.45;154193;96890;216822;57303
0.0;0;0;216840;0
0.0;0;0;216864;0
0.259;265910;110049;216866;155861
0.463;3717;1623;216877;2094
0.406;28317;21554;216910;6763
0.24;88217;31453;216911;56764
0.078;36698;13248;216920;23450
0.377;138561;78782;216921;59779
0.815;24548;15952;216943;8596
0.0;0;0;216972;0
0.0;0;0;216987;0
0.428;12911;8090;216996;4821
0.491;108188;94572;217001;13616
0.248;394252;206161;217002;188091
0.468;78186;68524;217015;9662
0.962;22615;22419;217018;196
0.298;19309;5031;217027;14278
0.0;0;0;217030;0
0.324;544716;278470;217039;266246
0.341;504511;193408;217070;311103
0.0;0;0;217077;0
0.0;0;0;217117;0
0.0;0;0;217147;0
0.0;0;0;217150;0
0.0;0;0;217159;0
0.454;58923;25950;217226;32973
0.323;24019;12748;217229;11271
0.896;15761;13747;217239;2014
0.312;216138;149948;217272;66190
0.289;279346;73479;217294;205867
0.144;95717;49898;217299;45819
0.032;14816;5014;217303;9802
0.185;32673;22509;217310;10164
0.134;211013;117295;217311;93718
0.122;557102;165657;217324;391445
0.286;16773;14171;217325;2602
0.213;4255;3961;217354;294
0.0;0;0;217359;0
0.533;181334;95000;217427;86334
0.515;189131;130864;217440;58267
0.276;401503;148730;217443;252773
0.0;0;0;217448;0
0.0;0;0;217459;0
0.0;0;0;217464;0
0.0;0;0;217468;0
0.0;0;0;217472;0
0.57;47014;36926;217505;10088
0.292;423698;165954;217507;257744
0.512;51871;44034;217569;7837
0.051;78963;16306;217571;62657
0.289;321427;135193;217578;186234
0.0;0;0;217579;0
0.0;0;0;217584;0
0.348;101295;71615;217615;29680
0.298;59653;43119;217618;16534
0.0;0;0;217693;0
0.407;92484;39618;217839;52866
0.531;140419;106718;217842;33701
0.227;43236;32175;217852;11061
0.0;0;0;217854;0
0.181;18865;11411;217866;7454
0.939;6263;5171;217908;1092
0.117;423809;68304;217942;355505
0.605;63948;46774;218010;17174
0.0;0;0;218022;0
0.273;1661694;630774;218032;1030920
0.0;0;0;218073;0
0.0;0;0;218086;0
0.094;73975;36264;218089;37711
0.202;184377;79464;218167;104913
0.15;42244;15788;218180;26456
0.0;0;0;218225;0
0.808;11971;11152;218229;819
0.0;0;0;218232;0
0.282;41370;18464;218259;22906
0.462;271378;124279;218261;147099
0.839;4518;4271;218273;247
0.0;0;0;218296;0
0.587;165025;117092;218325;47933
0.532;176065;129862;218346;46203
0.416;112964;92471;218351;20493
0.419;52092;44949;218400;7143
0.442;45592;34497;218415;11095
1.0;26078;26079;218471;1
0.0;0;0;218480;0
0.636;92244;35224;218485;57020
0.0;0;0;218491;0
0.0;0;0;218586;0
0.0;0;0;218588;0
0.0;0;0;218603;0
0.0;0;0;218629;0
0.363;43061;25143;218645;17918
0.162;183872;74829;218662;109043
0.065;97616;36007;218674;61609
0.0;0;0;218695;0
0.216;364589;123686;218790;240903
0.744;13651;10218;218807;3433
0.56;86818;69938;218809;16880
0.024;49624;12634;218813;36990
0.895;67631;54335;218819;13296
0.301;267572;208679;218839;58893
0.273;390727;138768;218855;251959
0.0;0;0;218862;0
0.164;252139;124536;218875;127603
0.148;28883;23066;218882;5817
0.412;275784;136902;218888;138882
0.0;0;0;218911;0
0.067;301892;118417;218915;183475
0.178;57501;33498;218916;24003
0.0;0;0;218919;0
0.0;0;0;218935;0
0.268;323907;160215;218961;163692
0.156;451958;108097;218976;343861
0.474;402165;144783;218982;257382
1.0;9727;9727;218983;0
0.0;0;0;218987;0
1.0;3052;3052;219006;0
0.656;256810;104642;219021;152168
0.0;0;0;219047;0
0.0;0;0;219055;0
0.169;25493;14960;219081;10533
0.49;60089;50922;219099;9167
0.164;69122;22937;219133;46185
0.0;0;0;219134;0
0.693;50910;42890;219155;8020
0.0;0;0;219218;0
1.0;6402;6402;219225;0
0.361;496571;185440;219242;311131
0.128;119555;46130;219273;73425
0.0;0;0;219292;0
0.0;0;0;219323;0
0.203;7080;6705;219326;375
0.0;0;0;219351;0
0.262;129648;38316;219359;91332
0.0;0;0;219372;0
0.39;202291;132019;219503;70272
0.0;0;0;219523;0
0.0;0;0;219553;0
1.0;0;0;219573;0
0.0;0;0;219601;0
0.0;0;0;219615;0
0.177;303549;153740;219766;149809
1.0;17927;17234;219770;693
0.732;83323;80064;219781;3259
1.0;6710;6710;219834;0
0.255;252792;38539;219844;214253
0.317;130717;53073;219896;77644
0.792;73095;70414;219901;2681
1.0;888;888;219919;0
0.426;256007;188163;219920;67844
0.498;225881;151698;219939;74183
0.116;29736;11434;219948;18302
0.0;0;0;219979;0
0.0;0;0;219980;0
0.0;0;0;219986;0
0.643;45795;30878;220098;14917
0.221;235879;99650;220159;136229
0.412;389168;201413;220179;187755
0.182;7015;6920;220181;95
0.218;1066180;352999;220213;713181
0.0;0;0;220254;0
0.033;26440;15293;220276;11147
0.0;0;0;220347;0
0.0;0;0;220356;0
0.0;0;0;220463;0
0.0;0;0;220478;0
1.0;29999;29999;220486;0
0.256;180423;138505;220516;41918
0.23;382956;223109;220521;159847
0.992;37427;35486;220530;1941
0.255;176871;91521;220536;85350
0.085;48268;25113;220596;23155
0.0;0;0;220623;0
0.381;3985;1837;220640;2148
0.699;20380;18212;220655;2168
0.287;28196;14236;220715;13960
0.403;227560;88879;220811;138681
0.182;333406;133555;220855;199851
0.0;0;0;220909;0
1.0;21689;8864;220911;12825
0.141;213899;90942;220980;122957
0.722;46555;22124;220981;24431
0.013;20757;0;220983;20757
0.27;156493;44415;220989;112078
0.304;314951;158275;221008;156676
0.108;896302;193166;221078;703136
0.017;6217;0;221091;6217
0.292;156133;86435;221093;69698
0.094;252252;106956;221097;145296
0.826;14698;8082;221099;6616
0.0;0;0;221103;0
0.0;0;0;221125;0
0.496;29991;13495;221134;16496
0.132;154196;49111;221146;105085
0.0;0;0;221193;0
0.033;5376;0;221196;5376
0.083;165921;79126;221211;86795
0.68;4921;3701;221218;1220
0.0;0;0;221239;0
0.065;60402;19326;221242;41076
1.0;0;0;221245;0
0.0;0;0;221279;0
0.182;357582;113064;221280;244518
0.148;328347;123827;221287;204520
0.493;58343;42909;221290;15434
0.183;115438;90926;221299;24512
0.585;11113;7851;221315;3262
0.38;166559;110119;221326;56440
0.137;85096;28347;221351;56749
0.0;0;0;221352;0
0.181;32461;17824;221389;14637
0.798;16015;12676;221404;3339
0.211;400177;87240;221416;312937
0.259;8818;4958;221427;3860
0.448;98811;91580;221458;7231
0.824;69953;53350;221571;16603
0.0;0;0;221610;0
0.069;35337;17470;221636;17867
0.813;114629;87993;221661;26636
0.0;0;0;221697;0
0.553;92662;61027;221704;31635
0.741;65689;48600;221765;17089
0.278;178539;63228;221794;115311
0.0;0;0;221805;0
0.392;644267;409998;221813;234269
0.0;0;0;221863;0
0.338;395877;167423;221874;228454
0.389;121259;64436;221884;56823
0.097;493575;193593;221898;299982
0.458;180882;87292;221900;93590
0.324;193379;93433;221937;99946
0.422;19800;16378;221959;3422
0.51;164363;88970;222017;75393
0.591;5411;3858;222018;1553
0.277;56901;17742;222036;39159
0.118;231663;46794;222044;184869
0.359;834632;249751;222045;584881
0.246;408946;37924;222057;371022
0.194;54366;29695;222177;24671
0.0;0;0;222183;0
0.0;0;0;222258;0
0.185;34069;15967;222291;18102
0.0;0;0;222321;0
0.0;0;0;222324;0
0.294;22619;11036;222326;11583
0.578;54286;19316;222342;34970
0.0;0;0;222345;0
0.283;95198;45049;222354;50149
0.0;0;0;222373;0
0.0;0;0;222393;0
0.0;0;0;222420;0
0.434;277818;90389;222435;187429
0.0;0;0;222444;0
0.633;3591;3239;222482;352
1.0;3100;3100;222484;0
0.0;0;0;222513;0
0.267;115538;33422;222528;82116
0.0;0;0;222535;0
0.383;141177;79776;222594;61401
0.237;255601;72480;222619;183121
0.68;92799;65020;222624;27779
0.0;0;0;222631;0
1.0;0;0;222637;0
0.25;68876;26396;222642;42480
0.212;128824;40758;222669;88066
0.204;95742;44853;222683;50889
0.027;206378;30481;222688;175897
0.694;22769;16601;222696;6168
0.367;257716;159340;222698;98376
0.0;0;0;222706;0
0.335;794443;280841;222722;513602
0.0;0;0;222728;0
0.327;441290;208812;222767;232478
0.212;354204;90436;222777;263768
0.155;21209;10826;222784;10383
0.545;145499;62393;222808;83106
0.821;41235;37018;222810;4217
0.296;324761;138301;222815;186460
0.35;457952;257362;222863;200590
0.258;192148;81740;222909;110408
0.103;137178;56039;222915;81139
0.093;41100;14818;222931;26282
0.0;0;0;222952;0
0.0;0;0;222959;0
0.678;97606;85835;222964;11771
0.164;52936;21266;223001;31670
1.0;12154;12154;223025;0
0.0;0;0;223041;0
0.506;302034;241150;223077;60884
0.213;145520;53826;223087;91694
0.0;0;0;223092;0
0.0;0;0;223214;0
0.0;0;0;223224;0
0.122;155628;43755;223241;111873
0.0;0;0;223242;0
0.652;103075;74921;223251;28154
0.0;0;0;223356;0
0.168;313959;116365;223360;197594
0.0;0;0;223379;0
0.479;775774;324187;223413;451587
0.452;91017;64476;223510;26541
0.217;435598;115878;223518;319720
0.83;97317;45586;223539;51731
0.0;0;0;223540;0
0.192;167547;79234;223709;88313
0.308;19942;6802;223727;13140
0.103;9624;8081;223780;1543
0.106;43533;16666;223811;26867
0.022;155444;27546;223845;127898
0.706;78952;36677;223860;42275
0.169;64067;40822;223884;23245
0.302;151325;82817;223892;68508
0.38;452947;268448;223893;184499
0.203;180947;78654;223903;102293
0.148;35079;11844;223908;23235
0.0;0;0;223909;0
0.0;0;0;223917;0
0.306;18938;8570;223923;10368
0.975;7523;4062;224017;3461
0.481;60441;34399;224021;26042
0.0;0;0;224300;0
0.254;68693;34729;224366;33964
0.328;252364;131819;224435;120545
0.223;196061;142820;224455;53241
0.0;0;0;224533;0
0.237;93270;18126;224544;75144
0.209;160209;49651;224596;110558
0.0;0;0;224604;0
0.372;64738;50381;224635;14357
0.257;332495;161823;224641;170672
0.206;579849;172087;224647;407762
0.26;408809;124883;224669;283926
0.691;179538;107629;224759;71909
0.27;193119;106747;224782;86372
0.386;669960;370058;224786;299902
0.101;107952;26557;224793;81395
0.0;0;0;224803;0
0.195;110098;52249;224835;57849
0.1;34113;13561;224838;20552
0.756;28071;17476;224846;10595
0.0;0;0;224965;0
0.996;71645;56973;224972;14672
0.143;31497;19361;224998;12136
0.167;277324;99002;224999;178322
0.0;0;0;225003;0
0.129;121231;36341;225135;84890
0.0;0;0;225208;0
0.0;0;0;225210;0
0.0;0;0;225214;0
0.31;552095;213919;225216;338176
0.407;102068;52948;225226;49120
0.963;25380;20173;225253;5207
0.399;32222;21160;225279;11062
0.0;0;0;225289;0
0.265;29908;16523;225337;13385
0.353;85704;53339;225338;32365
0.059;101129;51475;225345;49654
0.18;415317;94534;225364;320783
0.0;0;0;225372;0
0.215;174648;93099;225383;81549
0.0;0;0;225457;0
0.291;465674;169364;225491;296310
0.171;117430;43908;225493;73522
0.0;0;0;225497;0
0.0;0;0;225517;0
0.251;31037;8929;225522;22108
0.086;91210;42740;225548;48470
0.0;0;0;225559;0
0.879;63600;40794;225596;22806
0.265;90501;39224;225599;51277
0.306;76691;57843;225608;18848
0.225;301503;105462;225618;196041
0.0;0;0;225639;0
0.0;0;0;225670;0
0.315;252867;111557;225689;141310
0.187;63989;39663;225692;24326
0.243;652707;333018;225728;319689
0.146;74808;33974;225730;40834
0.386;101341;68661;225731;32680
0.0;0;0;225734;0
0.552;213688;175513;225757;38175
0.431;192132;92119;225761;100013
0.0;0;0;225764;0
0.0;0;0;225769;0
0.24;42077;12501;225785;29576
0.0;0;0;225792;0
0.0;0;0;225804;0
0.06;85684;19326;225824;66358
0.0;0;0;225866;0
0.305;606719;246201;225883;360518
0.0;0;0;225886;0
0.195;44700;21171;225904;23529
0.28;291212;194221;225917;96991
0.178;103918;23524;225921;80394
0.246;379890;159065;225938;220825
0.391;42528;22972;225940;19556
0.569;154494;93159;225957;61335
1.0;1828;1828;225963;0
0.0;0;0;225967;0
0.125;61488;31124;225978;30364
0.103;210614;77840;226005;132774
0.233;26800;10283;226007;16517
0.0;0;0;226036;0
0.2;113188;53407;226066;59781
0.0;0;0;226067;0
0.363;47994;42432;226069;5562
0.0;0;0;226106;0
0.0;0;0;226137;0
1.0;0;0;226140;0
0.433;196401;107097;226142;89304
0.0;0;0;226144;0
0.042;56978;12525;226159;44453
0.0;0;0;226177;0
0.247;38283;17721;226179;20562
0.0;0;0;226182;0
0.281;56931;16041;226196;40890
0.458;428438;261771;226200;166667
0.375;52849;31768;226203;21081
0.0;0;0;226217;0
0.0;0;0;226218;0
0.198;58204;29565;226278;28639
0.107;287293;78891;226290;208402
0.042;111669;33642;226324;78027
0.278;204701;99941;226326;104760
0.371;341208;197590;226348;143618
0.146;52977;27889;226351;25088
0.633;64700;41565;226361;23135
0.31;265392;129985;226366;135407
0.0;0;0;226378;0
0.424;278934;120040;226380;158894
0.235;106721;56433;226381;50288
0.0;0;0;226388;0
0.309;53579;38556;226424;15023
1.0;84780;62416;226434;22364
0.376;401725;233957;226446;167768
0.342;3438;2829;226449;609
0.267;76397;40015;226453;36382
0.0;0;0;226479;0
0.101;108292;29477;226482;78815
0.442;435837;246736;226490;189101
0.0;0;0;226520;0
0.023;58727;16604;226536;42123
0.227;51590;24976;226578;26614
0.0;0;0;226627;0
0.406;104737;97899;226664;6838
0.26;338957;118906;226695;220051
0.502;243091;180540;226715;62551
0.241;73194;42912;226722;30282
0.675;7367;4983;226725;2384
0.188;69171;39810;226728;29361
0.396;26647;19516;226734;7131
0.271;45322;26313;226744;19009
0.195;68006;33567;226754;34439
0.408;874705;298453;226759;576252
0.546;134513;41538;226761;92975
0.0;0;0;226779;0
0.181;101107;48322;226781;52785
0.485;414026;266272;226784;147754
0.283;121236;50810;226790;70426
0.204;395573;113992;226792;281581
0.0;0;0;226796;0
1.0;8197;8197;226811;0
0.73;11024;10925;226812;99
0.135;118230;58087;226824;60143
0.188;81149;35253;226832;45896
0.0;0;0;226851;0
0.162;450755;82060;226860;368695
0.0;0;0;226862;0
0.0;0;0;226916;0
0.0;0;0;226928;0
0.0;0;0;227057;0
0.194;24520;17386;227076;7134
0.608;100500;67908;227085;32592
0.588;22358;18318;227090;4040
0.266;764329;210937;227091;553392
0.586;489221;244707;227094;244514
0.365;220323;130770;227117;89553
0.372;59132;34548;227192;24584
0.0;0;0;227241;0
0.424;1356623;427191;227411;929432
0.0;0;0;227512;0
0.154;261259;86625;227555;174634
0.0;0;0;227578;0
0.21;54751;25572;227596;29179
0.863;36940;33793;227624;3147
0.0;0;0;227640;0
0.603;270245;207336;227643;62909
0.0;0;0;227661;0
0.598;63402;39982;227678;23420
0.0;0;0;227679;0
0.468;149287;86822;227700;62465
0.0;0;0;227726;0
0.0;0;0;227822;0
1.0;3306;3305;227869;1
1.0;24344;23999;227873;345
1.0;1873;1873;227958;0
0.0;0;0;228032;0
0.0;0;0;228047;0
0.0;0;0;228147;0
0.19;20246;13201;228219;7045
0.357;551017;223112;228231;327905
0.154;737691;176678;228234;561013
0.112;31240;8968;228248;22272
0.0;0;0;228266;0
0.0;0;0;228282;0
0.267;1138229;327277;228292;810952
0.15;268214;74896;228384;193318
0.981;3749;3650;228440;99
0.382;39875;25887;228558;13988
0.0;0;0;228653;0
0.062;129985;46896;228657;83089
0.0;0;0;228689;0
0.343;622944;221922;228749;401022
0.506;54463;40434;228773;14029
0.493;70081;37597;228783;32484
0.0;0;0;228882;0
0.247;434041;107328;228929;326713
0.0;0;0;228932;0
0.5;11055;4905;228934;6150
0.337;91275;45260;229011;46015
0.041;29774;14960;229016;14814
0.0;0;0;229021;0
0.293;79341;56946;229110;22395
0.354;226162;106756;229114;119406
0.672;108949;62007;229132;46942
0.635;34526;29595;229152;4931
1.0;0;0;229164;0
0.362;65904;35302;229174;30602
0.9;27491;3127;229183;24364
0.104;39953;20992;229195;18961
0.0;0;0;229197;0
0.267;55852;43199;229224;12653
0.319;34995;27005;229233;7990
0.605;289605;95071;229296;194534
0.0;0;0;229326;0
0.0;0;0;229337;0
0.0;0;0;229373;0
0.0;0;0;229415;0
0.939;37174;33945;229442;3229
1.0;10448;10448;229481;0
0.227;152935;65604;229496;87331
0.0;0;0;229505;0
0.0;0;0;229518;0
0.0;0;0;229530;0
0.2;261311;90362;229548;170949
1.0;2820;2820;229550;0
0.903;164232;75099;229560;89133
0.068;55508;23484;229563;32024
0.0;0;0;229575;0
0.219;26710;18985;229576;7725
0.0;0;0;229577;0
0.0;0;0;229595;0
0.513;199221;133782;229616;65439
0.154;27783;16803;229627;10980
0.0;0;0;229667;0
0.171;191265;101771;229671;89494
0.984;21792;21596;229674;196
0.34;571460;181822;229869;389638
0.0;0;0;229888;0
0.729;171568;136130;229910;35438
0.094;136541;28911;229943;107630
0.0;0;0;229965;0
0.957;30705;28309;229987;2396
0.247;159134;65647;230042;93487
1.0;9727;9727;230092;0
0.265;582093;288383;230124;293710
0.162;76586;34739;230131;41847
0.425;783900;323910;230134;459990
0.795;13215;10219;230149;2996
0.42;72553;57861;230155;14692
0.071;340550;123126;230168;217424
0.018;10728;0;230170;10728
0.73;314147;262007;230174;52140
0.0;0;0;230182;0
0.0;0;0;230186;0
0.277;88985;62848;230188;26137
0.141;748836;214250;230189;534586
0.0;0;0;230197;0
0.186;178776;104064;230199;74712
0.124;209447;64845;230205;144602
0.0;0;0;230224;0
0.0;0;0;230226;0
0.33;530695;220672;230231;310023
1.0;0;0;230249;0
0.0;0;0;230261;0
0.582;64727;46346;230268;18381
0.0;0;0;230280;0
0.0;0;0;230307;0
0.0;0;0;230315;0
1.0;9727;9727;230386;0
0.0;0;0;230404;0
0.0;0;0;230436;0
0.581;261281;149985;230447;111296
0.0;0;0;230452;0
0.573;87542;69563;230490;17979
0.016;23412;346;230534;23066
0.0;0;0;230582;0
0.497;200219;97782;230607;102437
0.565;19636;15984;230608;3652
0.0;0;0;230611;0
0.52;135452;75970;230660;59482
1.0;2271;2271;230666;0
0.0;0;0;230667;0
0.0;0;0;230671;0
0.0;0;0;230676;0
0.0;0;0;230686;0
0.4;535220;170817;230732;364403
0.296;87213;67079;230756;20134
0.732;65994;46472;230770;19522
0.21;57785;26846;230773;30939
0.025;120686;26445;230780;94241
0.277;227277;157338;230796;69939
1.0;449;449;230799;0
0.574;68315;47925;230898;20390
0.872;25043;20380;230905;4663
0.0;0;0;230914;0
0.366;74944;64138;230916;10806
0.0;0;0;230950;0
0.837;34178;27827;230951;6351
0.417;69106;61152;230961;7954
0.048;70595;19444;230968;51151
0.0;0;0;230974;0
0.37;97537;84390;230982;13147
0.006;31987;0;230988;31987
0.612;15796;10442;230999;5354
0.374;69629;57233;231036;12396
0.283;437439;167137;231041;270302
0.685;193699;135243;231057;58456
0.334;70745;33327;231059;37418
0.205;10078;4738;231123;5340
0.419;182184;98513;231124;83671
0.279;544222;164986;231136;379236
0.708;97104;64506;231138;32598
1.0;7330;7330;231216;0
0.188;320922;77189;231231;243733
0.461;149328;48964;231280;100364
0.0;0;0;231289;0
0.196;540706;190517;231302;350189
0.062;18633;9211;231308;9422
0.0;0;0;231316;0
0.286;29455;14272;231370;15183
0.264;59236;36854;231403;22382
0.555;235595;154097;231405;81498
0.456;319996;197566;231406;122430
0.597;64723;32774;231416;31949
0.639;173085;82855;231418;90230
0.331;373604;208954;231423;164650
0.343;82700;48736;231424;33964
0.0;0;0;231438;0
0.684;186303;129115;231462;57188
0.238;41092;28026;231511;13066
0.29;181355;84211;231518;97144
0.582;89827;51574;231551;38253
0.176;482750;175561;231554;307189
0.265;133309;37459;231563;95850
0.0;0;0;231567;0
0.252;8481;4927;231589;3554
0.243;813977;243137;231598;570840
0.0;0;0;231600;0
0.227;219283;73123;231609;146160
1.0;2595;1903;231612;692
0.506;17728;8509;231613;9219
0.372;87483;59387;231618;28096
0.0;0;0;231642;0
0.0;0;0;231716;0
0.0;0;0;231861;0
0.0;0;0;231873;0
0.0;0;0;231880;0
1.0;299;299;231936;0
0.206;924210;242799;231944;681411
0.327;168700;92355;231956;76345
0.0;0;0;231979;0
0.98;5563;5542;232069;21
0.196;97265;28174;232074;69091
0.522;121654;93801;232170;27853
0.0;0;0;232235;0
0.405;858132;356148;232247;501984
0.266;151074;63066;232251;88008
0.322;598564;214597;232293;383967
0.0;0;0;232335;0
0.442;69946;37485;232348;32461
0.0;0;0;232353;0
0.442;898384;439599;232403;458785
0.457;2934;2417;232434;517
0.0;0;0;232472;0
0.357;152092;83197;232501;68895
0.586;65686;42648;232523;23038
1.0;0;0;232546;0
0.167;320844;143026;232565;177818
0.315;188881;114590;232574;74291
0.297;92632;58919;232583;33713
0.083;28587;17322;232600;11265
0.0;0;0;232601;0
0.22;25242;19583;232624;5659
0.152;259201;107618;232664;151583
0.824;34926;33479;232686;1447
0.277;36771;28687;232719;8084
0.345;292389;105377;232730;187012
0.191;340867;120832;232747;220035
0.0;0;0;232749;0
0.0;0;0;232780;0
0.0;0;0;232793;0
0.0;0;0;232886;0
0.136;295160;64338;232917;230822
0.531;16688;11182;232939;5506
0.188;581979;180974;232962;401005
0.0;0;0;232975;0
0.0;0;0;233074;0
1.0;396;396;233116;0
0.232;282782;120274;233137;162508
0.25;940;0;233143;940
0.238;63895;34464;233160;29431
0.0;0;0;233181;0
0.0;0;0;233247;0
0.0;0;0;233255;0
0.0;0;0;233277;0
0.0;0;0;233414;0
0.0;0;0;233528;0
0.226;115444;58007;233536;57437
0.494;97304;29689;233564;67615
0.052;70789;17512;233567;53277
0.695;42480;22219;233655;20261
0.0;0;0;233664;0
0.066;53217;5118;233732;48099
0.896;64188;51874;233738;12314
0.27;226943;119440;233763;107503
0.0;0;0;233765;0
0.737;53791;36955;233774;16836
0.226;143892;50668;233796;93224
0.46;298804;159713;233804;139091
0.863;82400;37863;233806;44537
0.685;44665;11704;233815;32961
1.0;0;0;233817;0
0.0;0;0;233849;0
0.0;0;0;233853;0
0.0;0;0;233926;0
0.373;119560;50266;234023;69294
0.744;156437;86487;234030;69950
0.0;0;0;234079;0
0.613;444866;214132;234090;230734
0.0;0;0;234108;0
0.305;256189;164512;234120;91677
0.957;5550;5130;234126;420
0.712;143293;68791;234137;74502
0.776;26882;20338;234145;6544
0.0;0;0;234260;0
0.263;66175;37718;234266;28457
0.047;24948;14307;234289;10641
0.0;0;0;234300;0
0.639;162211;100745;234303;61466
0.424;173071;124236;234329;48835
0.394;213816;121109;234368;92707
0.136;454718;145286;234375;309432
0.179;58945;28581;234410;30364
0.349;2407;1736;234473;671
0.211;100315;44757;234535;55558
0.0;0;0;234541;0
0.152;524056;201360;234615;322696
0.655;114896;89751;234685;25145
0.948;4299;4053;234705;246
0.476;263154;166785;234739;96369
0.783;40055;21830;234741;18225
0.0;0;0;234767;0
0.377;84210;21292;234769;62918
1.0;1351;1351;234779;0
1.0;14283;13592;234817;691
0.387;1343692;486362;234846;857330
1.0;3100;3100;234888;0
0.335;155055;106857;234893;48198
0.592;46406;16099;234905;30307
0.044;89880;25087;234926;64793
0.334;277655;164394;234930;113261
0.156;82648;35646;234952;47002
0.038;38615;16501;234963;22114
0.368;13067;7343;234974;5724
0.259;116979;36201;235019;80778
0.0;0;0;235029;0
1.0;7073;7073;235049;0
0.0;0;0;235068;0
0.453;122767;71202;235086;51565
0.0;0;0;235105;0
0.0;0;0;235129;0
0.0;0;0;235134;0
1.0;8586;8583;235182;3
0.134;299943;65307;235196;234636
0.844;32635;23294;235207;9341
0.754;113627;52997;235210;60630
0.0;0;0;235218;0
0.257;362905;147164;235219;215741
0.0;0;0;235222;0
0.558;131947;60825;235224;71122
0.108;89264;28384;235241;60880
0.522;73838;46889;235250;26949
0.102;83994;43345;235251;40649
0.228;152191;75035;235262;77156
0.575;23246;13067;235266;10179
0.578;135087;85418;235276;49669
0.0;0;0;235335;0
0.206;1055711;247220;235338;808491
1.0;0;0;235340;0
0.983;24467;19405;235352;5062
0.757;28259;23321;235382;4938
0.49;315162;164717;235384;150445
0.375;556446;319828;235396;236618
0.487;105650;66191;235397;39459
0.319;111492;59056;235398;52436
0.0;0;0;235401;0
0.803;10196;9815;235405;381
0.709;47411;22404;235406;25007
0.304;160545;85532;235408;75013
0.068;86874;36351;235410;50523
0.246;118938;32536;235412;86402
0.0;0;0;235415;0
0.0;0;0;235423;0
0.352;228031;96063;235432;131968
0.119;29813;16291;235442;13522
0.263;76601;46584;235469;30017
0.244;137196;79610;235496;57586
0.0;0;0;235511;0
0.0;0;0;235531;0
0.267;399739;145325;235537;254414
0.0;0;0;235552;0
0.139;234078;119516;235592;114562
0.342;360484;120641;235593;239843
0.0;0;0;235629;0
0.307;149906;82890;235654;67016
0.359;306128;113707;235708;192421
0.0;0;0;235712;0
0.324;201522;100835;235715;100687
0.0;0;0;235717;0
0.458;40655;34544;235723;6111
0.232;60880;28376;235724;32504
0.186;299930;153182;235802;146748
0.447;136254;83273;235809;52981
0.183;321180;117537;235823;203643
0.16;74158;22447;235831;51711
0.0;0;0;235834;0
0.514;34312;26813;235856;7499
0.823;67300;33761;235865;33539
0.0;0;0;235877;0
0.0;0;0;235926;0
0.706;42043;39775;235951;2268
0.236;207302;101460;235976;105842
0.0;0;0;235999;0
0.316;743866;267812;236015;476054
0.774;63576;39240;236020;24336
0.667;122001;87998;236060;34003
0.37;358100;212553;236086;145547
0.042;70662;34913;236091;35749
0.0;0;0;236115;0
0.399;163205;90425;236151;72780
0.48;248735;88884;236154;159851
0.172;52025;5883;236182;46142
0.491;389528;136726;236186;252802
0.526;326609;198709;236192;127900
0.0;0;0;236225;0
0.373;182348;129738;236242;52610
1.0;3545;3546;236247;1
0.171;244739;138499;236316;106240
0.86;90190;65430;236330;24760
0.02;44260;13243;236382;31017
0.0;0;0;236390;0
0.454;66508;56748;236440;9760
0.313;44433;37692;236457;6741
0.363;444430;124079;236463;320351
0.0;0;0;236464;0
0.328;80111;35227;236466;44884
0.495;534405;344445;236467;189960
0.0;0;0;236470;0
0.406;842761;351840;236477;490921
0.388;372053;228611;236480;143442
0.317;381668;202861;236481;178807
0.479;116908;71967;236501;44941
0.126;45340;22378;236510;22962
0.0;0;0;236515;0
0.316;426403;205680;236526;220723
0.236;101766;54039;236532;47727
0.158;126800;55970;236536;70830
0.357;327217;174312;236609;152905
0.219;138847;84045;236633;54802
0.0;0;0;236646;0
0.0;0;0;236667;0
0.479;46823;35682;236690;11141
0.336;170768;70885;236692;99883
0.11;72895;16940;236695;55955
0.147;167510;49441;236703;118069
0.321;117810;50401;236725;67409
0.0;0;0;236760;0
0.0;0;0;236772;0
0.068;41787;18829;236781;22958
0.187;57825;29375;236790;28450
0.095;31383;13531;236797;17852
0.0;0;0;236803;0
0.239;25598;15419;236820;10179
0.0;0;0;236874;0
0.0;0;0;236880;0
0.434;95295;43461;236910;51834
0.221;15297;8872;236934;6425
0.529;208189;169956;236982;38233
1.0;31258;26691;236987;4567
0.291;624403;231343;237019;393060
0.0;0;0;237027;0
0.394;102077;62403;237086;39674
1.0;0;0;237092;0
0.277;628093;233373;237101;394720
0.03;9662;0;237125;9662
0.848;76909;56001;237127;20908
0.767;66429;50790;237134;15639
0.245;347078;185777;237152;161301
0.747;5160;5050;237180;110
1.0;0;0;237185;0
0.241;72804;43833;237285;28971
0.358;10412;8498;237293;1914
0.125;54556;29426;237313;25130
0.0;0;0;237435;0
0.502;209961;151128;237467;58833
0.348;242771;58678;237502;184093
0.062;28250;11912;237508;16338
0.0;0;0;237531;0
0.639;236257;76796;237543;159461
0.0;0;0;237549;0
0.499;53821;49825;237564;3996
0.424;239328;143741;237672;95587
0.564;146228;140934;237697;5294
0.0;0;0;237700;0
1.0;1632;1632;237713;0
0.354;232007;156981;237821;75026
0.606;109134;46411;237825;62723
1.0;12005;12005;237861;0
0.15;69362;26735;237879;42627
0.75;10916;8639;237888;2277
0.419;64978;55197;237908;9781
0.0;0;0;237912;0
0.126;63648;35553;237935;28095
0.021;63302;14008;237947;49294
1.0;544;544;237960;0
0.287;26738;16377;237976;10361
0.187;109543;51627;237980;57916
0.024;65882;31720;237994;34162
0.0;0;0;238039;0
0.329;468370;184184;238093;284186
0.75;27193;22496;238098;4697
0.516;110262;73627;238134;36635
0.906;42448;32881;238159;9567
0.0;0;0;238260;0
1.0;1870;1870;238270;0
0.484;137522;50459;238279;87063
0.307;103422;63180;238286;40242
0.483;143703;34252;238293;109451
0.0;0;0;238305;0
0.24;53075;21790;238312;31285
0.434;1014448;406032;238313;608416
1.0;46170;46170;238325;0
0.219;151129;72443;238329;78686
0.382;18517;16141;238373;2376
0.0;0;0;238381;0
0.0;0;0;238411;0
0.805;91449;67022;238455;24427
0.502;21301;17965;238474;3336
0.345;30375;21316;238512;9059
0.0;0;0;238538;0
0.565;85933;47835;238543;38098
0.337;30334;17898;238561;12436
0.235;602396;221729;238566;380667
1.0;3100;3100;238589;0
1.0;1466;1466;238595;0
0.0;0;0;238610;0
0.0;0;0;238673;0
0.285;103269;70678;238676;32591
0.074;264014;125570;238677;138444
0.0;0;0;238678;0
0.948;42690;34075;238690;8615
0.0;0;0;238704;0
0.0;0;0;238706;0
0.774;56539;49546;238708;6993
0.282;135395;99505;238721;35890
0.02;8929;0;238732;8929
0.309;194611;99255;238739;95356
0.383;782846;374462;238741;408384
0.511;11014;10372;238745;642
0.393;213167;112391;238755;100776
0.203;322252;122752;238762;199500
0.349;15676;6403;238766;9273
0.472;238767;139184;238768;99583
0.312;307550;146612;238779;160938
0.296;115828;30352;238797;85476
0.726;143578;128544;238801;15034
0.0;0;0;238817;0
0.199;225448;112258;238820;113190
0.631;11192;10985;238855;207
0.0;0;0;238866;0
0.101;246063;102503;238867;143560
0.0;0;0;238894;0
0.0;0;0;238899;0
0.0;0;0;238902;0
0.0;0;0;238906;0
0.359;50875;42173;238907;8702
0.517;114752;97742;238928;17010
0.99;35743;30220;238929;5523
0.189;11770;9533;238931;2237
0.201;23083;8889;238946;14194
0.143;213736;55855;238971;157881
0.0;0;0;238972;0
0.321;80038;52296;238974;27742
0.935;7793;7667;239013;126
0.168;262737;96087;239018;166650
0.0;0;0;239023;0
0.253;44404;21696;239035;22708
0.603;78529;54305;239049;24224
1.0;3057;3057;239052;0
0.562;186963;79953;239055;107010
0.0;0;0;239058;0
1.0;5435;5436;239062;1
0.0;0;0;239083;0
0.906;5123;4478;239089;645
0.465;131321;99010;239105;32311
0.441;48284;40825;239136;7459
1.0;1336;1336;239144;0
0.122;96400;23049;239145;73351
0.0;0;0;239184;0
0.062;15600;5090;239189;10510
1.0;0;0;239196;0
0.0;0;0;239219;0
0.0;0;0;239260;0
0.406;1562600;337759;239262;1224841
0.028;70881;11599;239264;59282
0.0;0;0;239278;0
0.463;117683;61130;239289;56553
1.0;2162;2162;239302;0
0.111;64848;33540;239333;31308
0.042;2342;0;239356;2342
0.4;397735;175288;239358;222447
0.9;52216;49277;239366;2939
0.0;0;0;239370;0
1.0;3683;3683;239375;0
0.0;0;0;239378;0
0.374;327688;165027;239381;162661
0.181;209969;102140;239388;107829
0.611;177234;104362;239389;72872
0.477;71791;51979;239413;19812
0.352;44083;32336;239416;11747
0.159;185774;62628;239417;123146
0.347;80157;38036;239441;42121
0.0;0;0;239473;0
0.205;1009921;396606;239564;613315
0.162;210981;112492;239596;98489
0.0;0;0;239616;0
0.067;223639;57556;239619;166083
0.048;79184;18251;239644;60933
0.626;45806;38733;239648;7073
0.196;308320;135994;239698;172326
0.0;0;0;239700;0
0.15;77764;32048;239757;45716
0.0;0;0;239771;0
0.403;471049;162760;239772;308289
0.0;0;0;239773;0
0.012;30765;10818;239800;19947
1.0;23315;16032;239812;7283
0.0;0;0;239821;0
0.454;239377;174755;239822;64622
0.0;0;0;239836;0
0.476;209971;158077;239938;51894
0.152;16434;11216;239963;5218
0.441;84760;73504;239971;11256
0.165;258652;113240;239972;145412
0.129;17411;10584;239976;6827
0.0;0;0;240001;0
0.181;169134;73466;240009;95668
0.589;46155;36529;240018;9626
0.073;378234;148499;240032;229735
0.117;162202;84050;240049;78152
0.68;75906;55517;240070;20389
0.0;0;0;240071;0
0.171;126435;56776;240124;69659
0.269;648989;291004;240163;357985
0.443;474972;251485;240177;223487
0.0;0;0;240184;0
0.625;22006;18893;240188;3113
0.229;178212;50695;240195;127517
1.0;1550;1550;240226;0
0.249;343812;137191;240232;206621
0.172;254757;91869;240257;162888
0.175;117506;48309;240274;69197
0.0;0;0;240286;0
0.342;100688;72918;240308;27770
0.582;214851;117792;240321;97059
0.111;30308;13248;240330;17060
1.0;9727;9727;240379;0
0.578;114598;71527;240403;43071
0.271;30376;14272;240427;16104
0.0;0;0;240440;0
0.129;32544;18930;240449;13614
0.379;38572;15531;240452;23041
1.0;19059;18788;240457;271
0.118;256793;125949;240465;130844
0.356;114039;79483;240466;34556
0.086;112761;22777;240471;89984
0.175;71489;43077;240511;28412
0.0;0;0;240515;0
0.119;297685;117440;240569;180245
0.215;362454;154946;240590;207508
0.427;146006;77160;240601;68846
0.165;69703;26853;240609;42850
0.349;333316;217301;240610;116015
0.0;0;0;240634;0
0.392;122973;53965;240640;69008
0.072;133838;53633;240654;80205
0.606;66738;50678;240676;16060
1.0;9727;9727;240696;0
0.614;44500;22032;240700;22468
0.279;239565;129167;240714;110398
0.0;0;0;240716;0
0.0;0;0;240725;0
0.262;229220;105075;240738;124145
1.0;104045;99378;240741;4667
0.097;82773;44434;240750;38339
0.949;4073;4040;240769;33
0.0;0;0;240795;0
0.044;755834;178877;240806;576957
0.349;33578;16468;240810;17110
0.169;147471;74627;240832;72844
0.0;0;0;240849;0
0.332;183448;117343;240876;66105
0.23;345206;126981;240905;218225
0.268;441894;242320;240912;199574
0.0;0;0;240927;0
0.362;65800;42215;240949;23585
0.0;0;0;240955;0
1.0;10966;10281;240960;685
0.332;101289;45482;240963;55807
0.0;0;0;241023;0
0.434;214709;101923;241025;112786
0.436;147179;101593;241045;45586
0.278;61299;36697;241089;24602
0.472;127341;53925;241109;73416
0.068;479708;146652;241137;333056
0.0;0;0;241138;0
1.0;3100;3100;241139;0
0.414;32157;18770;241155;13387
0.239;689237;203398;241156;485839
0.18;227883;104622;241186;123261
0.35;25868;13885;241194;11983
0.624;182508;108502;241251;74006
0.323;222900;138872;241427;84028
0.337;46183;25905;241430;20278
0.237;184671;109378;241459;75293
0.482;11908;10602;241466;1306
0.109;44673;13867;241497;30806
0.607;117612;107686;241522;9926
0.63;33895;30133;241531;3762
0.722;152398;86604;241548;65794
0.094;42190;20865;241555;21325
0.523;73992;39353;241560;34639
0.146;156698;76911;241568;79787
1.0;229296;122485;241569;106811
0.214;91804;54860;241573;36944
0.0;0;0;241579;0
0.402;27201;11780;241582;15421
0.423;84798;62727;241583;22071
0.652;154398;104794;241584;49604
0.119;45192;16851;241587;28341
0.354;152421;103631;241604;48790
0.427;47986;38757;241614;9229
0.0;0;0;241633;0
0.229;289363;156019;241638;133344
0.207;250428;102765;241639;147663
0.331;32018;18331;241641;13687
1.0;2239;2239;241660;0
0.0;0;0;241673;0
0.957;35038;34025;241710;1013
0.039;50609;14887;241720;35722
0.0;0;0;241861;0
0.483;4814;4695;241886;119
0.585;41334;27220;241905;14114
0.0;0;0;241913;0
0.163;19599;11104;241940;8495
0.03;325054;66932;241950;258122
0.648;102799;67132;241963;35667
0.0;0;0;241979;0
0.216;60982;39769;241998;21213
0.309;187073;95340;242008;91733
0.182;16466;10310;242018;6156
0.0;0;0;242021;0
0.388;248258;141943;242025;106315
0.348;67705;34239;242026;33466
0.929;13645;9079;242039;4566
0.626;35686;18273;242043;17413
1.0;9727;9727;242061;0
0.543;9197;7639;242139;1558
0.047;31488;14665;242153;16823
0.0;0;0;242208;0
0.315;121437;70621;242218;50816
0.412;75363;52982;242264;22381
0.0;0;0;242269;0
0.446;45481;40430;242271;5051
0.05;198837;37255;242275;161582
0.339;15757;8721;242317;7036
0.362;77036;47719;242322;29317
0.118;25450;9443;242348;16007
0.0;0;0;242355;0
0.344;550789;203562;242371;347227
0.521;118711;93901;242441;24810
0.0;0;0;242471;0
0.0;0;0;242511;0
0.26;293948;140822;242535;153126
1.0;76803;54281;242541;22522
0.0;0;0;242553;0
0.224;101456;50786;242567;50670
0.227;593464;342152;242574;251312
0.273;432588;182628;242578;249960
0.398;319104;188963;242580;130141
0.362;287253;182274;242600;104979
0.263;177280;92416;242606;84864
0.601;46852;35055;242622;11797
0.441;33104;20205;242627;12899
0.071;21905;11391;242629;10514
0.588;198238;70648;242649;127590
0.248;198422;107136;242660;91286
0.235;276594;112557;242686;164037
0.339;79774;54960;242693;24814
0.233;382302;95053;242695;287249
0.419;85822;65725;242699;20097
1.0;8352;8352;242707;0
0.257;256752;50873;242711;205879
0.0;0;0;242730;0
0.525;147809;71753;242747;76056
0.0;0;0;242784;0
0.114;178598;53830;242808;124768
1.0;2994;2994;242843;0
1.0;3477;3477;242856;0
1.0;4368;4368;242860;0
0.46;890929;474853;242861;416076
0.335;109303;55100;242862;54203
0.318;219171;129985;242875;89186
0.566;31183;18170;242909;13013
0.436;1018124;509081;242922;509043
0.0;0;0;242925;0
0.954;139425;56580;242961;82845
0.266;1063255;412631;242979;650624
0.195;16633;11524;243002;5109
0.201;303630;155661;243012;147969
0.136;187601;58396;243026;129205
0.0;0;0;243028;0
1.0;9662;9662;243030;0
0.35;424443;206265;243032;218178
0.491;277596;148027;243037;129569
0.0;0;0;243052;0
0.0;0;0;243097;0
0.618;100974;67058;243100;33916
0.254;24704;16239;243103;8465
0.251;191865;96421;243114;95444
0.743;50318;37943;243116;12375
0.0;0;0;243119;0
1.0;3841;3841;243168;0
0.164;250785;80423;243173;170362
0.584;20591;12109;243209;8482
0.217;86079;54803;243214;31276
0.0;0;0;243230;0
0.503;119545;93246;243243;26299
0.128;38905;10350;243280;28555
0.741;18635;16738;243335;1897
0.275;29133;24291;243340;4842
0.151;470490;147810;243344;322680
0.258;228567;123548;243355;105019
0.532;233759;159280;243356;74479
0.65;221586;128449;243358;93137
0.0;0;0;243400;0
0.382;267496;179065;243409;88431
0.0;0;0;243432;0
1.0;629;629;243446;0
1.0;5154;5154;243458;0
0.235;70873;47432;243481;23441
0.111;2188;0;243495;2188
0.0;0;0;243507;0
1.0;2982;2982;243558;0
0.721;127380;90785;243565;36595
0.0;0;0;243572;0
0.64;8336;6232;243587;2104
0.237;120992;61450;243602;59542
1.0;2918;2918;243640;0
0.358;793879;244130;243700;549749
0.0;0;0;243703;0
0.184;260352;98699;243719;161653
0.144;29189;15231;243759;13958
0.0;0;0;243760;0
0.932;83000;63903;243772;19097
0.351;426582;129266;243776;297316
0.705;30861;27334;243781;3527
0.0;0;0;243793;0
0.281;364106;199353;243794;164753
0.275;164725;67473;243798;97252
0.101;24093;13322;243822;10771
0.0;0;0;243824;0
0.287;62730;38020;243835;24710
0.353;78309;43866;243837;34443
0.827;18758;16958;243838;1800
0.737;59081;47781;243848;11300
0.0;0;0;243885;0
0.364;137190;111225;243889;25965
0.484;58134;48040;243910;10094
0.065;99035;34399;243958;64636
0.0;0;0;243964;0
0.04;117516;33544;243965;83972
0.19;217224;120336;243988;96888
0.216;62658;36348;243990;26310
0.322;14696;11919;244018;2777
0.724;32231;16811;244035;15420
0.308;233464;113768;244052;119696
0.177;235247;139065;244057;96182
0.382;144330;73979;244060;70351
0.712;40981;36162;244064;4819
0.746;64911;57134;244070;7777
0.833;6718;6661;244084;57
0.0;0;0;244096;0
1.0;8145;8145;244111;0
0.376;49822;34597;244160;15225
0.0;0;0;244161;0
0.598;60318;43034;244162;17284
0.599;187908;100576;244165;87332
0.069;181239;51781;244176;129458
0.149;115896;45917;244183;69979
0.297;136286;62926;244184;73360
0.528;47666;38088;244194;9578
0.178;247109;73041;244201;174068
0.084;86091;43062;244204;43029
0.395;290070;142504;244221;147566
0.0;0;0;244232;0
0.0;0;0;244243;0
0.43;122973;76010;244265;46963
0.57;114000;53593;244273;60407
0.206;93984;42008;244278;51976
0.096;320006;156548;244281;163458
0.551;42677;32583;244300;10094
0.053;58292;24212;244303;34080
0.957;3579;1697;244309;1882
0.523;44134;35406;244311;8728
0.48;212456;156048;244317;56408
0.0;0;0;244350;0
0.0;0;0;244357;0
0.39;85916;53878;244366;32038
0.368;24675;15969;244368;8706
0.0;0;0;244437;0
0.462;56171;40028;244440;16143
0.258;184833;87649;244501;97184
0.355;193821;108488;244542;85333
0.244;174269;92034;244549;82235
0.5;191417;122418;244556;68999
0.69;65793;49397;244560;16396
0.02;8864;0;244572;8864
0.0;0;0;244580;0
0.291;702006;362964;244593;339042
0.504;267367;186717;244624;80650
0.0;0;0;244645;0
0.203;305098;157952;244647;147146
0.235;6691;2423;244648;4268
0.0;0;0;244649;0
0.141;91664;21269;244662;70395
0.445;68863;48526;244664;20337
0.271;292057;113604;244690;178453
0.154;216515;102044;244702;114471
0.249;41708;30265;244713;11443
0.228;294486;84856;244715;209630
0.195;431761;152433;244729;279328
0.6;151077;113898;244749;37179
0.438;10752;6849;244756;3903
0.0;0;0;244764;0
0.296;15617;12472;244777;3145
0.076;14983;4995;244783;9988
0.614;75620;56663;244786;18957
0.354;208551;140554;244795;67997
0.414;139538;77645;244806;61893
0.354;70793;37740;244815;33053
0.052;212023;53222;244818;158801
0.297;256582;162213;244823;94369
0.077;52851;28612;244871;24239
0.053;16321;7626;244906;8695
0.0;0;0;244913;0
0.0;0;0;244919;0
0.29;175941;106821;244924;69120
0.0;0;0;244929;0
0.736;7656;7444;244944;212
0.16;56592;21339;244970;35253
0.068;72887;13263;244990;59624
0.367;785179;369836;245008;415343
0.0;0;0;245010;0
0.0;0;0;245051;0
0.497;9631;6576;245090;3055
0.316;261761;162165;245096;99596
0.607;197913;156639;245126;41274
0.33;337462;171668;245154;165794
0.019;35567;7231;245181;28336
1.0;4291;4291;245195;0
0.22;581009;155447;245223;425562
0.0;0;0;245322;0
0.0;0;0;245412;0
0.43;331466;171623;245417;159843
0.0;0;0;245432;0
0.537;7296;3331;245434;3965
0.209;195278;65080;245447;130198
0.0;0;0;245451;0
0.0;0;0;245465;0
0.572;26746;23125;245468;3621
0.197;537613;216752;245476;320861
0.299;123183;70629;245477;52554
0.0;0;0;245493;0
0.319;249270;164289;245516;84981
0.211;424212;201385;245540;222827
1.0;39691;25585;245543;14106
0.765;302571;133419;245586;169152
0.221;176101;64367;245662;111734
0.207;64796;26664;245698;38132
0.339;17851;15687;245699;2164
0.171;108612;34632;245713;73980
0.275;152343;86378;245772;65965
0.0;0;0;245775;0
1.0;562;562;245786;0
0.204;531800;218069;245803;313731
0.195;26653;21318;245810;5335
0.952;41944;36730;245856;5214
0.306;22982;16031;245870;6951
0.669;35388;14106;245937;21282
0.144;98497;37105;245947;61392
1.0;0;0;245948;0
1.0;8929;8929;245967;0
0.0;0;0;245974;0
0.455;31980;27075;245975;4905
0.45;19312;16111;245999;3201
1.0;111845;57725;246023;54120
0.03;31680;15293;246078;16387
0.373;202158;96497;246100;105661
0.125;63758;22869;246124;40889
1.0;1476;1476;246128;0
0.687;18344;16174;246187;2170
0.245;274893;191590;246200;83303
0.092;133906;67717;246214;66189
0.439;144859;87329;246223;57530
0.0;0;0;246232;0
0.05;5012;3464;246272;1548
0.218;27681;18874;246273;8807
0.256;129488;59723;246284;69765
0.317;42181;17597;246286;24584
0.486;317924;198700;246295;119224
0.221;348228;173396;246308;174832
0.395;284053;198209;246331;85844
0.808;53044;27661;246338;25383
0.363;518009;138399;246340;379610
0.409;100809;49969;246342;50840
0.298;58588;51478;246344;7110
0.519;24582;15421;246368;9161
0.822;12291;9998;246374;2293
0.31;2818;2759;246388;59
0.0;0;0;246394;0
0.306;211187;124760;246406;86427
0.489;52929;36003;246411;16926
0.0;0;0;246427;0
0.234;113255;66802;246470;46453
1.0;1145;1145;246480;0
0.261;360103;199464;246484;160639
0.0;0;0;246495;0
0.584;323731;223022;246510;100709
1.0;0;0;246535;0
0.0;0;0;246552;0
0.516;131413;108573;246567;22840
0.258;286237;177484;246594;108753
0.552;29682;10180;246676;19502
0.662;12751;6190;246695;6561
1.0;777;777;246704;0
0.857;19738;13661;246711;6077
0.081;359401;66644;246719;292757
0.0;0;0;246732;0
0.08;21551;3859;246737;17692
0.25;43436;22368;246753;21068
0.237;26852;15484;246773;11368
0.429;248582;143230;246804;105352
0.0;0;0;246812;0
0.0;0;0;246846;0
0.0;0;0;246864;0
0.393;148172;124207;246867;23965
0.0;0;0;246887;0
0.447;160123;103476;246893;56647
0.294;99534;62231;246901;37303
0.0;0;0;246939;0
0.0;0;0;246945;0
0.342;293190;171832;246961;121358
0.027;52189;16159;247019;36030
1.0;203;203;247022;0
0.603;64062;44125;247045;19937
0.133;328162;126326;247049;201836
0.21;120521;67765;247065;52756
0.096;83837;42046;247073;41791
0.0;0;0;247078;0
0.352;176014;125454;247092;50560
1.0;34672;23490;247117;11182
0.0;0;0;247123;0
0.0;0;0;247128;0
0.215;711233;175939;247165;535294
0.644;83453;52778;247167;30675
0.508;101682;67015;247171;34667
0.12;61622;27258;247175;34364
0.448;47787;21084;247200;26703
0.167;117624;81149;247219;36475
0.16;86609;33289;247229;53320
0.355;164156;89176;247253;74980
0.242;213977;126894;247271;87083
0.0;0;0;247273;0
0.738;95649;59731;247281;35918
0.081;15077;7140;247284;7937
0.446;96107;62608;247319;33499
0.0;0;0;247356;0
0.636;13083;8163;247375;4920
0.186;126069;83033;247390;43036
0.354;231581;124351;247394;107230
0.105;87401;23453;247400;63948
0.304;78789;37353;247433;41436
0.192;117185;74033;247440;43152
0.658;5520;3810;247456;1710
0.523;152131;115315;247493;36816
0.0;0;0;247507;0
0.0;0;0;247517;0
0.153;163222;77640;247551;85582
0.12;151464;64540;247561;86924
0.177;100703;26741;247571;73962
0.281;22615;15636;247577;6979
0.347;40056;28045;247582;12011
0.298;907188;330744;247584;576444
0.392;124945;64580;247585;60365
0.29;24977;10001;247586;14976
0.323;140039;88649;247592;51390
0.526;709964;367822;247593;342142
0.0;0;0;247643;0
1.0;6295;6295;247659;0
0.576;89257;59494;247667;29763
0.417;68980;33097;247670;35883
0.606;52224;27611;247672;24613
0.324;60182;42220;247678;17962
0.0;0;0;247701;0
0.206;82215;34832;247704;47383
0.232;204418;70490;247711;133928
1.0;45201;33997;247773;11204
0.0;0;0;247788;0
0.297;76032;26861;247806;49171
0.053;200551;50696;247808;149855
0.757;80465;41632;247814;38833
0.235;164941;84229;247982;80712
0.0;0;0;247983;0
0.531;60822;43028;248001;17794
0.596;66501;43552;248006;22949
0.419;640029;343283;248009;296746
0.789;1251;476;248036;775
0.321;217637;142697;248047;74940
0.948;36998;24184;248060;12814
0.622;126190;97481;248079;28709
0.411;158948;101280;248081;57668
0.164;262828;123072;248095;139756
0.283;282846;127945;248109;154901
0.575;146597;93773;248118;52824
0.23;122027;57815;248122;64212
0.187;189082;78951;248133;110131
0.168;52579;29226;248143;23353
0.65;95741;80194;248148;15547
0.492;31697;14637;248172;17060
0.0;0;0;248175;0
0.147;48547;32707;248182;15840
0.292;90656;50035;248190;40621
0.0;0;0;248202;0
0.444;108324;41774;248209;66550
0.236;123912;71616;248210;52296
0.565;101968;49743;248214;52225
0.0;0;0;248215;0
0.237;117539;63315;248231;54224
0.0;0;0;248233;0
0.392;92944;45615;248252;47329
0.0;0;0;248257;0
0.477;61974;31006;248261;30968
0.905;70920;54300;248263;16620
0.335;108178;90550;248269;17628
0.602;12876;9407;248271;3469
0.042;33722;17160;248289;16562
0.0;0;0;248337;0
0.629;28348;15677;248382;12671
0.891;16848;15010;248399;1838
0.567;167599;135095;248402;32504
0.38;21334;16297;248411;5037
0.318;66721;49935;248429;16786
1.0;1393;1393;248493;0
0.0;0;0;248527;0
0.467;286845;207095;248544;79750
0.286;98242;76378;248546;21864
0.697;96067;58965;248550;37102
0.177;113212;46010;248568;67202
0.0;0;0;248650;0
0.072;166619;25247;248681;141372
0.0;0;0;248689;0
0.0;0;0;248690;0
0.195;104668;41628;248694;63040
0.434;38464;30332;248702;8132
0.106;583411;42392;248773;541019
0.363;708495;256110;248792;452385
0.219;76731;21351;248797;55380
0.458;314602;154303;248848;160299
0.896;84970;44159;248875;40811
1.0;9727;9727;248911;0
0.186;4604;3426;248926;1178
1.0;993;993;248929;0
0.377;396358;170609;248945;225749
0.388;207736;73231;248954;134505
0.0;0;0;248966;0
0.164;228683;115480;248997;113203
0.351;233362;133307;249065;100055
0.124;487115;118456;249146;368659
0.388;52567;47581;249205;4986
0.202;16497;13816;249244;2681
0.196;175660;60719;249281;114941
0.0;0;0;249289;0
0.0;0;0;249290;0
0.317;487426;153073;249295;334353
0.599;83798;38348;249300;45450
0.255;116903;44031;249307;72872
0.202;102990;54715;249356;48275
0.622;64886;54637;249378;10249
0.318;203968;102523;249401;101445
1.0;6918;6918;249408;0
0.93;57441;48702;249412;8739
0.063;40266;17470;249418;22796
0.478;101817;18332;249426;83485
0.173;619238;209596;249471;409642
0.196;598802;196623;249544;402179
0.122;440011;121737;249545;318274
0.19;292559;85061;249546;207498
0.204;529077;219710;249550;309367
0.0;0;0;249552;0
0.215;414723;154748;249553;259975
0.433;290626;158974;249554;131652
0.226;408331;151146;249560;257185
0.0;0;0;249577;0
0.15;4199;1626;249594;2573
0.096;42402;20705;249599;21697
0.107;207991;56145;249604;151846
0.0;0;0;249607;0
0.0;0;0;249639;0
0.0;0;0;249641;0
0.0;0;0;249660;0
0.238;25350;13794;249712;11556
0.091;53312;12602;249730;40710
0.0;0;0;249755;0
0.356;150563;76214;249834;74349
0.356;221923;82625;249844;139298
1.0;15293;15293;249847;0
0.259;118765;48205;249851;70560
0.065;50178;16656;249861;33522
0.392;94215;52566;249893;41649
0.702;85339;60123;249897;25216
0.0;0;0;249906;0
0.643;181991;143203;249941;38788
0.857;1822;1487;249962;335
0.321;256103;101797;249971;154306
0.186;24984;12250;250022;12734
0.354;574230;334516;250038;239714
0.332;37105;25320;250058;11785
0.175;732908;198969;250083;533939
0.0;0;0;250095;0
0.0;0;0;250103;0
0.671;42163;24163;250104;18000
0.153;62226;26886;250110;35340
0.0;0;0;250115;0
0.0;0;0;250125;0
0.0;0;0;250131;0
0.0;0;0;250135;0
0.223;340979;133348;250177;207631
0.13;128475;43847;250197;84628
0.199;324064;75256;250273;248808
0.602;42426;30910;250292;11516
0.301;385253;126633;250332;258620
0.301;512219;124020;250354;388199
0.323;4596;2316;250381;2280
1.0;1829;1829;250426;0
0.838;38094;27754;250476;10340
0.358;252194;160102;250489;92092
0.335;105193;35992;250496;69201
0.267;87188;41327;250562;45861
0.0;0;0;250564;0
0.0;0;0;250585;0
0.314;247523;117209;250610;130314
0.191;40991;16903;250649;24088
0.343;57699;34648;250650;23051
0.207;357394;126169;250684;231225
0.264;332839;208600;250685;124239
0.189;274841;71932;250686;202909
0.345;825219;197747;250693;627472
0.324;142998;82388;250704;60610
0.295;697381;174122;250707;523259
0.32;1139339;296211;250715;843128
0.249;435656;112265;250721;323391
0.0;0;0;250810;0
0.0;0;0;250815;0
0.598;28721;22946;250847;5775
0.102;398003;104801;250865;293202
0.0;0;0;250880;0
0.174;40870;16843;250885;24027
0.225;328242;123660;250940;204582
0.267;480317;239942;250945;240375
0.467;258659;164504;250948;94155
0.211;342915;129042;250955;213873
0.366;17504;12482;250962;5022
0.0;0;0;250965;0
0.509;68837;21768;250976;47069
0.0;0;0;250982;0
0.272;476932;177044;250990;299888
1.0;92703;30471;251001;62232
0.121;73350;31373;251009;41977
0.319;72779;49093;251038;23686
0.219;196947;22536;251073;174411
0.222;1080;277;251080;803
0.152;162315;49819;251094;112496
0.0;0;0;251107;0
0.0;0;0;251114;0
0.0;0;0;251128;0
0.611;65898;57510;251147;8388
1.0;1176;1176;251173;0
0.361;37691;9134;251178;28557
0.437;10491;8112;251190;2379
0.0;0;0;251205;0
0.0;0;0;251210;0
0.0;0;0;251211;0
0.0;0;0;251254;0
0.253;180987;31698;251262;149289
0.0;0;0;251275;0
0.0;0;0;251308;0
0.244;160650;71126;251333;89524
0.693;106767;73540;251359;33227
0.0;0;0;251385;0
0.096;110648;23542;251400;87106
0.0;0;0;251417;0
0.126;11392;9289;251508;2103
0.228;30729;3922;251514;26807
0.0;0;0;251522;0
0.195;24201;13364;251535;10837
0.827;22991;19940;251556;3051
0.398;162380;91539;251565;70841
0.093;136744;23543;251633;113201
0.232;304000;183340;251647;120660
1.0;10386;10386;251652;0
0.064;131983;38400;251663;93583
1.0;3117;3117;251664;0
0.834;439615;202461;251686;237154
0.143;92787;27923;251696;64864
0.598;34186;25084;251715;9102
0.78;89986;51798;251722;38188
0.0;0;0;251727;0
0.0;0;0;251737;0
0.236;36184;9045;251738;27139
0.591;112766;83774;251745;28992
0.334;85572;65670;251764;19902
0.238;676324;209797;251774;466527
0.183;230496;91516;251780;138980
0.395;13069;8463;251971;4606
0.0;0;0;251974;0
0.248;31214;3661;251980;27553
0.0;0;0;252016;0
0.393;90040;38095;252018;51945
0.312;163674;74687;252023;88987
0.389;359426;202873;252061;156553
0.0;0;0;252095;0
0.734;23094;21889;252111;1205
0.591;103787;64778;252122;39009
0.278;209399;81600;252134;127799
0.0;0;0;252148;0
0.0;0;0;252150;0
0.595;15286;7380;252176;7906
0.0;0;0;252245;0
0.0;0;0;252250;0
0.223;571389;216046;252279;355343
0.98;5391;5369;252281;22
0.0;0;0;252282;0
0.815;4729;4256;252301;473
0.176;515731;120109;252383;395622
0.277;43807;27182;252404;16625
0.418;33256;16755;252421;16501
0.571;197913;146203;252423;51710
0.352;920929;354203;252440;566726
0.711;205123;136068;252442;69055
0.334;77074;47860;252449;29214
0.471;1112101;412044;252470;700057
0.105;283215;135007;252496;148208
0.463;62159;24895;252503;37264
1.0;0;0;252515;0
0.0;0;0;252516;0
0.28;8399;2182;252520;6217
0.384;1179430;387053;252531;792377
0.588;70486;55320;252566;15166
0.0;0;0;252586;0
0.026;14730;4927;252615;9803
0.0;0;0;252642;0
0.322;67630;29076;252662;38554
0.66;156617;104442;252696;52175
0.211;29556;6124;252830;23432
0.322;45133;36036;252859;9097
0.159;156161;45942;252866;110219
0.405;87677;52292;252874;35385
0.255;600079;168407;252880;431672
0.496;122298;86922;252883;35376
0.348;22355;16987;252915;5368
0.0;0;0;252924;0
0.0;0;0;252927;0
1.0;0;0;253009;0
0.241;112399;89179;253020;23220
0.0;0;0;253032;0
1.0;0;0;253035;0
0.325;196567;118238;253060;78329
0.22;278783;92274;253096;186509
0.143;283766;54545;253127;229221
0.0;0;0;253129;0
0.137;273993;103018;253149;170975
0.379;197515;62147;253151;135368
0.124;272423;70248;253159;202175
0.237;347730;161833;253169;185897
0.413;136677;83767;253180;52910
0.0;0;0;253181;0
0.51;300564;168754;253183;131810
0.0;0;0;253184;0
0.0;0;0;253202;0
0.176;154169;47881;253342;106288
0.364;6632;3516;253382;3116
0.474;205923;150637;253384;55286
0.0;0;0;253440;0
0.094;101872;36388;253454;65484
0.224;65437;26887;253474;38550
1.0;0;0;253475;0
0.411;4418;3196;253476;1222
1.0;16309;16309;253489;0
0.64;24457;16933;253518;7524
0.041;55591;4233;253521;51358
0.679;103594;96781;253542;6813
0.0;0;0;253545;0
0.792;52340;38509;253565;13831
0.548;293203;131451;253591;161752
0.416;70469;41208;253605;29261
0.0;0;0;253629;0
1.0;2291;2291;253768;0
0.0;0;0;253781;0
0.307;20307;15269;253782;5038
0.284;35538;12165;253928;23373
0.0;0;0;253941;0
0.669;30090;22464;253948;7626
0.485;11919;8614;253949;3305
0.304;108299;64512;253953;43787
0.377;407143;270163;253966;136980
0.648;27259;24944;253968;2315
0.3;258339;118458;253991;139881
0.355;767000;206445;253996;560555
0.386;1135173;388130;254048;747043
0.035;85529;17432;254057;68097
0.223;601774;217669;254069;384105
0.187;220612;81320;254081;139292
0.0;0;0;254163;0
0.107;220492;62853;254202;157639
0.0;0;0;254212;0
0.228;316937;129108;254231;187829
0.144;49619;22893;254254;26726
1.0;14321;14321;254261;0
0.0;0;0;254287;0
0.227;644810;197792;254312;447018
0.612;99801;23338;254378;76463
0.121;11408;7121;254393;4287
0.141;131132;29387;254416;101745
0.245;233020;89482;254417;143538
0.596;52263;33341;254424;18922
0.0;0;0;254438;0
0.343;123949;83846;254444;40103
0.291;720556;253447;254471;467109
0.294;157789;83579;254495;74210
0.225;377769;119668;254498;258101
0.16;411194;145010;254529;266184
0.08;51095;20426;254551;30669
0.606;24852;20128;254591;4724
1.0;74938;66058;254595;8880
0.0;0;0;254596;0
0.0;0;0;254601;0
0.376;73193;50294;254620;22899
0.318;379832;178320;254626;201512
0.321;365459;200182;254637;165277
0.0;0;0;254645;0
0.075;44948;17994;254651;26954
0.307;208372;118751;254653;89621
0.402;121809;72240;254741;49569
0.383;151319;88060;254746;63259
0.13;18447;3838;254758;14609
0.0;0;0;254795;0
1.0;109834;87662;254808;22172
0.33;511184;195968;254817;315216
0.13;399625;82334;254857;317291
0.436;205119;114899;254871;90220
0.0;0;0;254883;0
0.372;626437;224063;254889;402374
0.306;178734;112711;254934;66023
0.0;0;0;254956;0
0.0;0;0;254959;0
0.111;29499;10750;254962;18749
0.15;274501;88419;254967;186082
0.0;0;0;254971;0
0.02;31274;11132;254987;20142
0.977;3143;2990;254996;153
0.092;90685;22055;254998;68630
0.0;0;0;255059;0
0.695;44353;21296;255062;23057
0.0;0;0;255069;0
0.454;205832;110491;255084;95341
0.832;100054;83675;255091;16379
0.129;384766;143010;255103;241756
0.227;109819;57727;255106;52092
0.723;14873;12592;255113;2281
0.0;0;0;255132;0
0.263;124047;73597;255140;50450
0.0;0;0;255158;0
0.516;117274;80124;255162;37150
0.267;286634;131774;255182;154860
0.0;0;0;255198;0
0.0;0;0;255253;0
0.359;40187;16295;255256;23892
0.359;29130;11089;255262;18041
0.161;273966;94790;255333;179176
0.622;82056;25385;255338;56671
0.199;212191;83169;255340;129022
0.077;454536;170042;255378;284494
0.0;0;0;255380;0
0.207;247812;83979;255426;163833
0.485;790089;276287;255438;513802
0.0;0;0;255494;0
0.201;507842;92351;255514;415491
0.296;226498;116967;255518;109531
0.663;124535;111219;255588;13316
0.926;21308;13764;255615;7544
0.29;159324;37212;255666;122112
0.0;0;0;255668;0
0.394;55780;22096;255675;33684
0.583;13088;9874;255679;3214
0.159;48334;13190;255683;35144
0.0;0;0;255689;0
0.0;0;0;255694;0
0.874;102383;53620;255709;48763
0.264;181442;100854;255714;80588
0.685;78683;56914;255722;21769
1.0;8576;8576;255732;0
0.0;0;0;255761;0
1.0;3811;3811;255782;0
1.0;14256;12250;255806;2006
0.361;311935;161352;255836;150583
0.239;57072;26150;255856;30922
0.623;87720;73940;255868;13780
0.0;0;0;255906;0
0.0;0;0;255909;0
0.491;76150;61488;255931;14662
0.0;0;0;255965;0
0.975;10465;9099;255967;1366
0.261;97600;74136;255973;23464
0.232;45832;38661;255977;7171
0.264;9310;5315;255988;3995
0.269;414132;110508;256003;303624
0.228;26273;17045;256024;9228
0.183;213981;104759;256028;109222
0.179;157562;82289;256033;75273
0.722;214959;117305;256041;97654
0.0;0;0;256043;0
0.0;0;0;256046;0
0.432;44825;17677;256048;27148
1.0;18157;18156;256077;1
0.629;406037;230032;256091;176005
0.0;0;0;256098;0
0.11;137296;43400;256111;93896
0.425;55769;39459;256142;16310
0.0;0;0;256156;0
0.0;0;0;256216;0
0.0;0;0;256242;0
0.0;0;0;256250;0
0.216;90182;42518;256255;47664
0.02;21492;6285;256316;15207
0.142;52867;22318;256352;30549
1.0;0;0;256356;0
0.118;223461;64063;256367;159398
0.0;0;0;256368;0
0.0;0;0;256394;0
0.0;0;0;256395;0
0.234;86622;44431;256435;42191
0.0;0;0;256450;0
0.182;119193;14771;256453;104422
0.0;0;0;256475;0
0.596;207378;145799;256478;61579
0.13;136729;49031;256480;87698
0.084;42120;18197;256495;23923
0.7;67184;53187;256501;13997
0.104;87271;27593;256522;59678
0.0;0;0;256599;0
0.55;125078;78098;256617;46980
0.379;263035;160281;256625;102754
0.419;38958;7992;256627;30966
0.3;543722;107641;256632;436081
0.319;60934;46725;256639;14209
0.0;0;0;256640;0
0.648;7494;5244;256643;2250
0.259;15889;12022;256657;3867
0.071;540545;93574;256675;446971
0.428;41239;36860;256681;4379
0.49;7914;3227;256686;4687
0.183;56010;12957;256687;43053
0.161;94520;39681;256688;54839
0.0;0;0;256690;0
0.0;0;0;256694;0
0.483;206717;115196;256696;91521
0.288;95681;71290;256705;24391
0.851;6774;6124;256725;650
0.452;638107;277848;256732;360259
0.0;0;0;256768;0
0.437;107743;55433;256881;52310
0.0;0;0;256942;0
0.366;1610085;466690;256972;1143395
0.431;1133874;436377;256973;697497
0.024;66232;32379;256999;33853
0.392;60401;44686;257003;15715
1.0;1442;1442;257011;0
0.193;395932;142737;257046;253195
0.79;80774;56826;257062;23948
0.32;128339;84583;257066;43756
0.532;50301;46926;257076;3375
0.703;25515;17205;257083;8310
0.683;32062;30908;257096;1154
0.168;193264;87309;257102;105955
0.361;153097;108868;257106;44229
1.0;7792;7792;257109;0
0.162;433336;124174;257111;309162
0.261;314607;145057;257115;169550
0.0;0;0;257122;0
0.759;36003;14442;257123;21561
0.0;0;0;257130;0
0.444;36644;15040;257132;21604
0.331;27804;23775;257133;4029
0.763;6429;3941;257140;2488
0.0;0;0;257146;0
0.588;27869;22309;257159;5560
0.15;90289;33402;257164;56887
0.52;7846;4570;257180;3276
0.0;0;0;257200;0
0.0;0;0;257222;0
0.941;2811;2809;257260;2
0.0;0;0;257278;0
0.483;184511;109348;257289;75163
0.38;115503;82679;257305;32824
0.156;155634;57196;257325;98438
0.0;0;0;257350;0
0.152;243972;78674;257355;165298
0.336;21522;19131;257357;2391
0.161;212053;107711;257364;104342
0.0;0;0;257459;0
0.0;0;0;257476;0
1.0;2905;2905;257485;0
0.424;73798;42782;257501;31016
0.188;170379;80179;257506;90200
0.0;0;0;257510;0
0.0;0;0;257536;0
0.0;0;0;257549;0
0.2;456863;105011;257551;351852
0.0;0;0;257605;0
0.53;91895;34319;257608;57576
0.206;312181;147186;257684;164995
0.558;184372;102841;257689;81531
1.0;60950;46841;257711;14109
0.0;0;0;257717;0
0.0;0;0;257734;0
1.0;1834;1834;257761;0
0.14;57990;36237;257774;21753
0.0;0;0;257794;0
0.0;0;0;257805;0
0.7;4963;2132;257813;2831
0.0;0;0;257817;0
0.292;402062;162458;257819;239604
0.311;132115;82320;257862;49795
0.254;60232;38226;257885;22006
1.0;0;0;257896;0
0.153;286377;127800;257903;158577
0.0;0;0;257942;0
0.0;0;0;257944;0
0.068;36209;11496;257950;24713
0.283;172523;90737;257966;81786
0.603;69083;48460;258024;20623
0.39;264948;102252;258043;162696
0.67;17625;13998;258054;3627
0.0;0;0;258064;0
0.098;332130;137560;258072;194570
0.103;92537;34042;258103;58495
0.0;0;0;258113;0
0.075;149985;63667;258123;86318
0.375;120673;101151;258140;19522
0.46;433937;138913;258157;295024
0.0;0;0;258160;0
0.471;145280;82301;258187;62979
0.33;424605;203952;258223;220653
0.168;37752;13088;258224;24664
0.0;0;0;258226;0
0.432;415823;189666;258227;226157
0.326;28697;20541;258241;8156
0.0;0;0;258259;0
0.336;877866;329950;258262;547916
0.008;18726;9086;258263;9640
0.0;0;0;258277;0
0.147;226167;75133;258284;151034
0.013;61083;20792;258298;40291
0.279;487470;205619;258304;281851
0.0;0;0;258316;0
0.376;535006;156460;258318;378546
0.365;274175;148615;258338;125560
0.0;0;0;258383;0
0.0;0;0;258394;0
0.081;119943;35570;258455;84373
0.0;0;0;258504;0
0.273;486277;257832;258531;228445
0.274;74777;11452;258537;63325
0.514;89544;51068;258543;38476
0.259;265990;90542;258586;175448
0.0;0;0;258693;0
0.556;52228;10542;258780;41686
0.0;0;0;258787;0
0.03;181174;8759;258959;172415
0.497;8776;8471;259270;305
0.463;119370;47433;259291;71937
0.0;0;0;259292;0
0.402;120695;92771;259293;27924
0.0;0;0;259294;0
0.44;691227;274997;259298;416230
0.824;3392;2382;259311;1010
0.465;51910;34309;259314;17601
0.214;1773;1845;259320;72
0.316;551134;232337;259366;318797
0.023;6616;0;259394;6616
0.706;71527;49149;259416;22378
0.336;130355;75216;259417;55139
0.331;698111;265934;259419;432177
0.346;472899;199819;259420;273080
0.218;98533;33435;259421;65098
0.404;40209;18900;259436;21309
0.271;24991;8714;259437;16277
0.326;449467;136148;259446;313319
0.0;0;0;259454;0
0.329;91033;48911;259456;42122
0.416;143155;127155;259474;16000
0.083;12441;9550;259480;2891
0.468;80022;60329;259487;19693
0.0;0;0;259490;0
0.065;110872;20718;259498;90154
0.134;34212;9782;259533;24430
0.088;89810;38400;259556;51410
0.064;102953;38355;259566;64598
0.829;6681;5203;259577;1478
0.0;0;0;259599;0
0.28;1205800;355670;259605;850130
0.0;0;0;259614;0
0.43;81479;49516;259690;31963
0.198;105342;72221;259725;33121
0.284;942574;345091;259741;597483
0.0;0;0;259745;0
0.874;33097;25770;259748;7327
0.164;182046;46521;259908;135525
0.01;265192;70328;259945;194864
0.0;0;0;259962;0
0.22;363260;124030;259970;239230
0.561;70212;63501;259984;6711
0.183;77534;20758;259985;56776
0.0;0;0;259988;0
0.151;325263;129479;259996;195784
0.321;235966;63674;259999;172292
0.196;214502;53183;260011;161319
0.0;0;0;260023;0
0.0;0;0;260056;0
0.0;0;0;260082;0
0.0;0;0;260092;0
0.746;49603;44576;260102;5027
0.0;0;0;260109;0
0.143;469448;145106;260139;324342
0.091;131692;33493;260202;98199
0.279;281661;110076;260229;171585
0.0;0;0;260275;0
0.0;0;0;260288;0
0.0;0;0;260337;0
0.631;82557;70039;260375;12518
0.0;0;0;260395;0
0.343;211768;96545;260458;115223
0.0;0;0;260511;0
0.545;3010;2334;260520;676
0.0;0;0;260557;0
0.175;234955;81355;260558;153600
0.448;355891;144718;260591;211173
1.0;5813;5813;260596;0
0.436;3378;2745;260619;633
0.0;0;0;260624;0
0.53;121358;97133;260667;24225
0.329;324201;206391;260677;117810
0.335;87443;57064;260680;30379
0.124;135013;36561;260702;98452
0.355;36791;7219;260705;29572
0.0;0;0;260715;0
0.412;61418;34676;260737;26742
0.156;248273;150771;260747;97502
0.447;367556;193524;260760;174032
0.963;131853;52711;260776;79142
0.457;194996;123799;260796;71197
0.138;139012;30180;260799;108832
0.53;68826;60301;260814;8525
0.531;186859;101668;260827;85191
0.278;455804;155661;260838;300143
0.742;136757;104650;260869;32107
0.138;297144;87213;260889;209931
0.0;0;0;260912;0
0.399;49447;28088;260919;21359
0.307;278046;137269;260936;140777
0.0;0;0;260939;0
0.338;1853868;487778;260941;1366090
0.352;209189;126357;260944;82832
0.857;19285;10274;260959;9011
0.168;25507;4349;261003;21158
1.0;5419;5419;261014;0
0.0;0;0;261044;0
0.129;379915;132504;261173;247411
0.052;403659;116918;261181;286741
0.752;110549;77811;261192;32738
0.906;50443;47365;261198;3078
0.129;14684;2380;261214;12304
0.346;244001;127303;261235;116698
0.452;471386;281355;261238;190031
0.201;576303;79887;261240;496416
0.46;979859;429380;261281;550479
0.424;178680;92692;261283;85988
0.0;0;0;261308;0
0.0;0;0;261358;0
0.902;11636;11036;261387;600
0.632;14594;11732;261391;2862
0.623;82355;60524;261427;21831
0.148;74761;58309;261475;16452
0.199;94013;19590;261499;74423
0.486;16110;11236;261501;4874
0.179;303724;83486;261520;220238
0.38;72464;53250;261535;19214
0.367;95415;58410;261538;37005
0.222;75420;14630;261554;60790
1.0;6991;6991;261559;0
0.503;140162;79452;261560;60710
0.323;139213;58828;261566;80385
0.0;0;0;261582;0
0.49;250677;114333;261587;136344
0.779;8360;7649;261590;711
0.05;32251;10074;261606;22177
0.136;293851;86458;261607;207393
0.0;0;0;261608;0
0.0;0;0;261637;0
0.342;362204;221176;261650;141028
0.129;537599;197952;261672;339647
0.519;109212;64079;261674;45133
0.0;0;0;261699;0
0.422;250565;89811;261701;160754
0.565;145870;108258;261753;37612
0.105;92194;28635;261756;63559
0.331;119419;76398;261763;43021
0.0;0;0;261772;0
0.0;0;0;261773;0
0.302;50799;46982;261808;3817
0.215;68084;31346;261828;36738
0.063;96652;22947;261871;73705
0.254;70440;51320;261873;19120
0.231;271137;79537;261917;191600
0.53;74681;53146;261919;21535
0.907;22184;20062;261922;2122
0.102;226095;46959;261940;179136
0.183;844704;224621;261946;620083
0.333;40380;15923;261978;24457
0.848;13249;6633;261994;6616
0.0;0;0;261997;0
0.431;265893;155933;262002;109960
0.713;278826;176901;262008;101925
0.203;407701;120400;262009;287301
0.302;214852;102963;262013;111889
0.0;0;0;262037;0
1.0;5771;5771;262055;0
0.0;0;0;262075;0
0.232;45066;25407;262093;19659
0.0;0;0;262112;0
0.182;28889;13279;262114;15610
0.059;44343;15383;262152;28960
0.473;64749;51185;262169;13564
0.255;457429;162596;262181;294833
1.0;1093;1093;262183;0
0.33;835288;300939;262195;534349
0.293;69822;35752;262200;34070
0.154;37174;9487;262208;27687
0.215;1790617;401344;262230;1389273
0.055;35308;13344;262234;21964
0.473;128772;68847;262267;59925
0.265;35710;10094;262272;25616
1.0;0;0;262277;0
0.0;0;0;262289;0
0.645;39726;27626;262300;12100
0.241;10836;9296;262330;1540
0.62;147251;98595;262331;48656
0.0;0;0;262340;0
0.281;63808;51353;262341;12455
0.304;149197;86524;262344;62673
0.0;0;0;262348;0
0.072;102325;25705;262350;76620
0.0;0;0;262351;0
0.059;36178;13248;262354;22930
0.295;40034;16196;262359;23838
0.364;84434;56575;262360;27859
0.172;540902;157041;262378;383861
0.273;173042;76579;262382;96463
0.512;222656;104484;262402;118172
1.0;774;774;262404;0
0.259;201851;75207;262417;126644
0.0;0;0;262418;0
0.135;610010;198532;262425;411478
0.254;198170;89481;262467;108689
0.247;140886;60162;262474;80724
0.251;191377;102258;262475;89119
0.155;553066;187243;262482;365823
0.473;157699;112896;262502;44803
0.303;229988;141981;262507;88007
0.21;303346;127299;262514;176047
0.54;77733;56545;262521;21188
0.923;10575;7734;262529;2841
0.701;16844;15293;262546;1551
0.0;0;0;262553;0
0.442;118610;73664;262555;44946
0.06;213865;37043;262556;176822
0.143;161880;53418;262566;108462
0.204;231809;78451;262567;153358
0.782;37469;33206;262572;4263
0.126;327993;91234;262584;236759
0.0;0;0;262589;0
0.0;0;0;262590;0
0.091;317086;81407;262595;235679
0.057;212116;53797;262605;158319
0.496;66294;39152;262611;27142
0.366;133945;100457;262616;33488
0.0;0;0;262617;0
0.934;7448;6961;262620;487
0.046;293507;50383;262624;243124
0.43;8360;3691;262630;4669
0.0;0;0;262633;0
0.197;485466;179843;262635;305623
0.0;0;0;262636;0
0.0;0;0;262638;0
1.0;2961;2961;262640;0
0.0;0;0;262648;0
0.0;0;0;262671;0
0.205;169449;69569;262685;99880
0.067;340019;116623;262688;223396
0.0;0;0;262729;0
0.352;421668;95224;262780;326444
0.088;330868;79168;262801;251700
0.101;75430;3117;262806;72313
0.0;0;0;262811;0
0.074;334027;77601;262818;256426
0.0;0;0;262822;0
0.21;142595;47294;262831;95301
0.16;251590;66537;262834;185053
0.204;166549;43741;262840;122808
0.077;132840;26511;262854;106329
0.348;806458;247673;262863;558785
0.148;246531;34845;262865;211686
0.0;0;0;262879;0
0.105;161894;46751;262884;115143
0.068;100923;20271;262994;80652
0.254;179678;70576;262997;109102
0.045;86967;18251;263013;68716
0.074;50531;20808;263015;29723
0.113;32810;4089;263035;28721
0.192;214737;64818;263047;149919
0.094;188941;48369;263055;140572
0.421;31010;15462;263067;15548
0.119;78832;36730;263087;42102
0.653;46770;26478;263089;20292
0.0;0;0;263105;0
0.073;112904;37206;263108;75698
0.132;425180;103176;263109;322004
0.471;121346;88549;263111;32797
0.591;80038;55681;263122;24357
0.0;0;0;263124;0
0.0;0;0;263127;0
0.371;148631;85754;263129;62877
0.0;0;0;263137;0
0.059;268288;80876;263146;187412
0.197;192964;86617;263150;106347
0.0;0;0;263155;0
0.108;220228;50960;263159;169268
0.683;238492;193600;263172;44892
0.0;0;0;263180;0
0.0;0;0;263201;0
0.675;113991;63959;263216;50032
0.0;0;0;263247;0
0.605;86283;58993;263253;27290
0.188;9806;7468;263254;2338
0.394;27774;16403;263266;11371
0.321;158565;86961;263285;71604
0.4;179076;102946;263288;76130
0.0;0;0;263298;0
0.405;120444;86727;263302;33717
0.0;0;0;263305;0
1.0;17712;8848;263335;8864
0.0;0;0;263344;0
0.114;197656;56164;263353;141492
0.16;13039;967;263392;12072
0.0;0;0;263428;0
1.0;52298;51174;263433;1124
0.0;0;0;263445;0
0.759;130972;57110;263446;73862
0.226;456864;185603;263467;271261
0.725;30509;22931;263517;7578
0.681;54953;44259;263565;10694
0.0;0;0;263573;0
0.149;267838;59403;263585;208435
0.464;104943;46242;263604;58701
0.347;243897;177883;263609;66014
0.464;250819;129823;263617;120996
0.0;0;0;263620;0
1.0;2940;2940;263651;0
1.0;13654;13468;263656;186
0.0;0;0;263717;0
0.0;0;0;263726;0
0.19;96196;26386;263754;69810
0.0;0;0;263795;0
0.0;0;0;263808;0
0.396;234598;150152;263923;84446
0.0;0;0;263944;0
0.091;154939;36051;263957;118888
0.266;128114;39333;263959;88781
0.217;416607;110302;263974;306305
0.297;139883;24215;263987;115668
0.312;303813;81707;264044;222106
0.065;32894;7577;264058;25317
0.0;0;0;264080;0
0.966;38402;30567;264117;7835
0.256;237632;102416;264120;135216
0.541;318217;190327;264141;127890
0.0;0;0;264156;0
0.702;152292;101964;264183;50328
0.342;371313;157576;264199;213737
1.0;207;207;264212;0
0.184;74448;21288;264261;53160
0.0;0;0;264307;0
0.178;81879;34981;264316;46898
0.759;151331;81009;264332;70322
0.0;0;0;264333;0
0.083;97873;31647;264335;66226
0.592;112917;91357;264343;21560
0.527;26585;18252;264346;8333
0.188;308307;207879;264361;100428
0.188;377737;130880;264384;246857
0.401;259545;138339;264397;121206
0.76;64297;57058;264424;7239
0.205;72362;25864;264465;46498
0.0;0;0;264479;0
0.55;152490;115983;264483;36507
0.0;0;0;264485;0
0.004;22507;0;264513;22507
1.0;16;16;264540;0
0.574;153811;88445;264580;65366
0.341;155119;108785;264587;46334
0.16;356499;111355;264600;245144
0.667;112691;72249;264621;40442
0.526;31383;23991;264636;7392
0.0;0;0;264666;0
0.576;73497;40391;264667;33106
0.463;98207;43110;264677;55097
0.168;533430;224438;264702;308992
0.223;8289;7475;264754;814
1.0;2530;1265;264786;1265
0.74;24673;18240;264796;6433
0.0;0;0;264819;0
0.304;355906;131176;264858;224730
0.268;21630;14588;264860;7042
0.246;545715;183940;264903;361775
0.469;304477;146690;264928;157787
0.363;387836;190083;264942;197753
0.282;100738;50403;264955;50335
0.0;0;0;264972;0
0.649;82796;37801;265013;44995
0.435;89414;66589;265031;22825
0.485;155642;103944;265053;51698
0.275;376923;156898;265062;220025
0.445;73454;39396;265074;34058
0.382;123726;54646;265092;69080
0.277;110845;72703;265120;38142
0.574;15415;11388;265133;4027
0.0;0;0;265141;0
0.204;193319;65585;265144;127734
0.704;19527;15883;265152;3644
0.275;44952;36595;265154;8357
0.0;0;0;265157;0
0.136;373035;97941;265158;275094
0.0;0;0;265221;0
0.0;0;0;265232;0
0.106;93184;24125;265267;69059
0.373;132463;105862;265290;26601
0.0;0;0;265292;0
0.333;798476;291847;265299;506629
0.635;19405;13961;265303;5444
0.0;0;0;265304;0
1.0;58499;52515;265309;5984
0.685;59443;43087;265317;16356
0.409;20480;15279;265344;5201
0.047;104393;24108;265475;80285
0.37;186716;88193;265487;98523
0.0;0;0;265531;0
1.0;24097;19053;265613;5044
0.0;0;0;265620;0
0.684;36626;28472;265648;8154
0.31;127651;76181;265649;51470
0.2;227791;92974;265657;134817
0.446;51441;38601;265666;12840
0.0;0;0;265677;0
0.0;0;0;265690;0
0.374;178296;114108;265706;64188
0.295;74899;66600;265716;8299
0.49;50712;43056;265718;7656
0.125;334403;101375;265775;233028
0.642;121996;78173;265779;43823
0.28;105974;57522;265789;48452
0.091;68869;15276;265807;53593
0.0;0;0;265817;0
0.0;0;0;265820;0
0.189;944152;309001;265844;635151
0.0;0;0;265845;0
0.0;0;0;265860;0
0.206;60693;29853;265867;30840
0.0;0;0;265869;0
0.089;94631;33136;265880;61495
1.0;82976;41488;265882;41488
0.103;96968;35751;265883;61217
0.326;237170;123458;265886;113712
0.425;14909;11396;265890;3513
0.0;0;0;265902;0
0.285;179944;88111;265922;91833
0.134;328059;157004;265925;171055
0.168;222083;71699;265981;150384
0.031;43822;7407;265990;36415
0.7;85403;59586;265996;25817
0.46;96059;51341;265999;44718
0.487;418963;223622;266001;195341
0.0;0;0;266007;0
0.0;0;0;266008;0
0.0;0;0;266015;0
0.0;0;0;266023;0
0.387;294938;113600;266027;181338
0.185;32542;15049;266034;17493
0.299;598856;280630;266042;318226
0.0;0;0;266052;0
0.0;0;0;266083;0
0.0;0;0;266091;0
0.686;25330;17600;266118;7730
0.839;54531;29443;266152;25088
0.067;114220;44121;266176;70099
0.387;116721;87325;266199;29396
0.0;0;0;266202;0
1.0;402;402;266256;0
0.228;328912;142816;266285;186096
0.449;273355;132226;266353;141129
0.005;81829;14183;266355;67646
1.0;19585;15129;266357;4456
0.0;0;0;266420;0
1.0;8590;8590;266447;0
0.583;13853;10878;266461;2975
0.0;0;0;266495;0
0.388;8817;6864;266542;1953
0.0;0;0;266553;0
0.169;13102;3384;266573;9718
0.0;0;0;266626;0
0.0;0;0;266663;0
0.189;760668;217371;266665;543297
0.35;91647;44443;266723;47204
0.616;31280;19865;266816;11415
0.231;184762;76321;266849;108441
0.0;0;0;266893;0
0.975;2348;2325;266904;23
0.0;0;0;266907;0
0.137;158631;32113;266995;126518
0.15;60857;11688;267071;49169
1.0;0;0;267108;0
0.253;27211;5798;267138;21413
0.0;0;0;267150;0
0.904;31896;30032;267163;1864
0.0;0;0;267323;0
0.313;449160;177887;267332;271273
0.0;0;0;267336;0
0.137;822705;153305;267344;669400
0.0;0;0;267386;0
0.049;92117;28716;267414;63401
0.0;0;0;267436;0
1.0;9924;9924;267447;0
0.0;0;0;267458;0
0.491;79908;45615;267460;34293
0.0;0;0;267533;0
0.0;0;0;267537;0
1.0;9240;9240;267549;0
0.727;68214;45965;267573;22249
0.145;44828;13332;267576;31496
0.22;325951;227729;267582;98222
0.027;27009;173;267585;26836
0.374;342000;236183;267595;105817
0.0;0;0;267625;0
0.396;395144;192708;267626;202436
0.116;398309;144535;267643;253774
0.0;0;0;267644;0
0.796;290329;212760;267698;77569
0.0;0;0;267711;0
0.646;185833;76953;267717;108880
0.072;61778;36567;267740;25211
0.511;95342;77320;267741;18022
0.103;136306;57926;267743;78380
0.467;94629;66418;267747;28211
0.0;0;0;267759;0
0.476;283692;132632;267762;151060
0.125;206529;29967;267803;176562
0.193;82776;27069;267805;55707
0.267;1065750;313418;267813;752332
0.0;0;0;267814;0
0.0;0;0;267839;0
0.52;24054;19221;267863;4833
0.214;231237;141237;267889;90000
0.233;100481;48657;267892;51824
0.169;41730;25863;267893;15867
0.35;406210;201152;267914;205058
0.809;18252;9250;267915;9002
0.0;0;0;267924;0
0.0;0;0;267929;0
0.931;51244;35700;267938;15544
0.415;99564;58315;267941;41249
0.076;166595;51518;267944;115077
0.186;91816;33790;267946;58026
0.228;815790;237320;267954;578470
0.324;96785;23711;267956;73074
0.413;69448;29262;267959;40186
0.369;135508;61416;267969;74092
0.891;300713;192110;267974;108603
0.399;1645017;468822;267981;1176195
0.0;0;0;267983;0
0.187;226582;58191;268007;168391
0.784;66007;42130;268021;23877
0.693;21044;12430;268032;8614
0.173;5960;3907;268034;2053
0.278;222824;125239;268043;97585
0.258;201221;86974;268055;114247
0.482;222620;142094;268077;80526
0.162;53866;37092;268088;16774
0.441;100582;65218;268090;35364
0.236;577318;206660;268100;370658
0.0;0;0;268135;0
0.402;115359;39898;268139;75461
0.935;65377;62847;268148;2530
0.424;206341;106194;268156;100147
0.338;187471;66919;268162;120552
0.0;0;0;268173;0
0.273;267936;90406;268179;177530
0.286;597622;305913;268189;291709
0.547;168242;78020;268223;90222
0.205;705220;236687;268229;468533
0.261;83781;48332;268237;35449
0.146;227320;77622;268280;149698
0.211;69589;24994;268281;44595
0.096;200224;71867;268312;128357
0.0;0;0;268316;0
0.8;31080;15573;268338;15507
1.0;0;0;268342;0
0.52;92635;65291;268345;27344
0.0;0;0;268347;0
0.0;0;0;268354;0
0.302;190182;105638;268355;84544
0.0;0;0;268422;0
0.0;0;0;268427;0
0.0;0;0;268461;0
0.661;24078;13109;268509;10969
0.491;189911;108543;268563;81368
0.16;39775;25877;268574;13898
0.428;420575;237296;268585;183279
0.0;0;0;268598;0
0.0;0;0;268636;0
0.858;90730;61554;268639;29176
0.318;694116;222007;268652;472109
0.0;0;0;268668;0
0.0;0;0;268680;0
0.505;81909;46734;268727;35175
0.472;611155;325418;268764;285737
0.542;40030;35171;268791;4859
0.367;306753;178816;268797;127937
0.0;0;0;268800;0
0.57;33507;30311;268817;3196
0.35;95782;72799;268822;22983
0.0;0;0;268873;0
0.493;268314;155688;268893;112626
0.113;58877;14786;268897;44091
0.038;73784;21647;268900;52137
0.104;85161;35450;268901;49711
0.745;69860;63207;268905;6653
0.324;269752;133071;268915;136681
0.663;43358;32202;268988;11156
0.0;0;0;269002;0
0.0;0;0;269003;0
0.042;17867;5157;269008;12710
0.139;470380;119776;269012;350604
0.656;137203;80333;269057;56870
0.264;145160;79734;269061;65426
0.126;326944;97884;269082;229060
0.0;0;0;269086;0
0.877;153894;122579;269098;31315
0.0;0;0;269114;0
0.542;16670;14067;269123;2603
0.0;0;0;269146;0
0.0;0;0;269206;0
0.355;10735;9805;269254;930
1.0;4999;4999;269293;0
0.0;0;0;269311;0
0.506;51101;44358;269312;6743
0.343;499026;193980;269324;305046
0.322;269371;88165;269328;181206
0.106;26820;16637;269341;10183
0.343;55499;28652;269344;26847
0.208;1103593;370599;269345;732994
0.242;1049227;316724;269347;732503
0.0;0;0;269379;0
0.324;82657;62583;269384;20074
0.391;100500;77486;269386;23014
0.296;29592;23567;269398;6025
0.573;122084;32973;269407;89111
0.063;32048;10200;269462;21848
0.56;89413;50485;269469;38928
0.464;145231;120672;269476;24559
0.486;88903;70302;269480;18601
0.56;130227;89075;269497;41152
0.119;79165;33186;269537;45979
0.101;256809;71544;269538;185265
0.0;0;0;269543;0
0.0;0;0;269545;0
0.928;23352;21431;269548;1921
0.0;0;0;269551;0
0.296;81134;34295;269565;46839
0.314;63796;46088;269587;17708
0.0;0;0;269593;0
0.164;12224;9482;269598;2742
0.575;108386;81052;269616;27334
0.0;0;0;269628;0
0.391;162312;102870;269634;59442
0.0;0;0;269662;0
0.0;0;0;269665;0
0.433;61996;51520;269697;10476
0.083;123831;24820;269701;99011
0.119;425053;165210;269798;259843
0.265;162449;67419;269807;95030
0.191;253490;72460;269809;181030
0.337;28294;24429;269810;3865
0.319;80558;59708;269846;20850
0.216;113143;45580;269851;67563
0.24;185173;62071;269852;123102
0.78;68874;37053;269864;31821
1.0;9414;6884;269868;2530
0.0;0;0;269872;0
1.0;3291;3291;269888;0
0.0;0;0;269902;0
0.0;0;0;269913;0
0.293;71921;35931;269914;35990
0.459;429528;200138;269929;229390
0.0;0;0;269931;0
0.251;342982;162046;270011;180936
0.062;127972;31150;270039;96822
0.281;580551;221543;270041;359008
0.879;43105;38571;270075;4534
0.0;0;0;270077;0
0.0;0;0;270079;0
0.491;53253;33990;270095;19263
0.392;134568;99468;270099;35100
1.0;50259;16617;270104;33642
0.0;0;0;270107;0
0.0;0;0;270124;0
0.0;0;0;270187;0
0.0;0;0;270189;0
0.114;82423;40410;270261;42013
0.0;0;0;270286;0
0.171;56450;18756;270291;37694
0.0;0;0;270292;0
0.756;3910;3251;270325;659
0.48;13950;9541;270339;4409
0.872;82617;45787;270381;36830
1.0;12350;12350;270490;0
0.0;0;0;270495;0
0.287;23523;9171;270498;14352
0.0;0;0;270519;0
0.373;186852;120401;270561;66451
0.0;0;0;270566;0
0.526;132345;77162;270639;55183
1.0;13871;13870;270640;1
0.103;346884;137729;270643;209155
0.031;108031;14726;270664;93305
0.0;0;0;270680;0
0.0;0;0;270692;0
0.385;7043;1667;270693;5376
0.754;120546;111342;270696;9204
0.0;0;0;270760;0
0.284;206858;78418;270762;128440
0.225;548049;109888;270772;438161
0.298;203974;87983;270779;115991
0.0;0;0;270811;0
0.85;4673;3705;270866;968
0.072;240461;68985;270901;171476
0.0;0;0;270913;0
1.0;0;0;270916;0
0.215;73794;14985;270979;58809
0.46;217585;138597;270993;78988
0.403;79547;54662;271003;24885
0.0;0;0;271153;0
0.19;21004;6402;271176;14602
0.06;79866;17525;271181;62341
0.086;227667;89861;271207;137806
0.365;77067;40321;271227;36746
0.254;162788;71250;271235;91538
0.107;413417;165680;271244;247737
0.0;0;0;271250;0
0.0;0;0;271286;0
0.0;0;0;271326;0
0.12;175782;50603;271332;125179
0.221;24936;20582;271335;4354
0.0;0;0;271370;0
0.431;28942;14497;271372;14445
0.437;7256;6215;271384;1041
0.017;98866;16427;271395;82439
0.199;411526;98436;271398;313090
0.0;0;0;271403;0
0.25;418835;144691;271419;274144
0.379;327048;231535;271426;95513
0.161;254041;81088;271440;172953
0.0;0;0;271445;0
0.52;19205;9113;271448;10092
0.587;96362;70731;271477;25631
0.123;368032;105250;271488;262782
0.031;12002;8228;271539;3774
0.593;25067;15856;271545;9211
1.0;1265;1265;271561;0
0.0;0;0;271569;0
0.0;0;0;271574;0
0.0;0;0;271596;0
0.12;258105;99919;271619;158186
0.246;589425;174214;271636;415211
0.527;90353;39431;271640;50922
0.573;305292;164440;271643;140852
0.527;171946;130215;271644;41731
0.186;267993;117010;271648;150983
0.471;110017;48709;271650;61308
0.934;196692;139322;271663;57370
0.0;0;0;271688;0
0.411;253600;118727;271698;134873
0.978;46189;21223;271710;24966
0.045;38908;11485;271715;27423
0.203;157606;48267;271727;109339
0.453;337963;201978;271734;135985
0.291;319397;131594;271739;187803
1.0;41488;41488;271774;0
0.275;723367;224271;271779;499096
0.188;235200;89715;271786;145485
0.0;0;0;271835;0
0.0;0;0;271847;0
0.04;103460;36079;271863;67381
0.227;81066;23033;271888;58033
0.0;0;0;271904;0
0.163;21453;11385;271916;10068
0.207;82864;24087;271919;58777
0.354;384373;153856;271926;230517
0.0;0;0;271929;0
0.284;105390;41552;271933;63838
0.07;213447;46159;271934;167288
0.539;66862;38203;271945;28659
0.283;73851;43636;271968;30215
0.216;113763;55882;271974;57881
0.504;50708;43495;271987;7213
0.0;0;0;272009;0
0.0;0;0;272027;0
0.0;0;0;272067;0
0.513;187811;62355;272092;125456
0.248;1184710;337588;272114;847122
0.458;80254;60826;272118;19428
0.405;787133;303617;272123;483516
0.0;0;0;272132;0
0.4;314469;103121;272137;211348
0.0;0;0;272142;0
0.957;1846;1809;272143;37
0.439;37529;28663;272160;8866
0.0;0;0;272164;0
0.821;112972;62160;272197;50812
0.133;98745;29148;272211;69597
0.0;0;0;272219;0
0.0;0;0;272233;0
1.0;6658;5362;272242;1296
0.654;124745;83355;272262;41390
0.154;235892;67452;272282;168440
0.042;116462;17470;272343;98992
0.0;0;0;272399;0
0.182;45997;21625;272441;24372
0.284;267412;103684;272526;163728
0.334;171627;45364;272534;126263
1.0;3611;3611;272575;0
1.0;9132;4566;272610;4566
0.251;311129;144832;272614;166297
0.0;0;0;272644;0
0.371;100437;63339;272657;37098
0.344;111662;51721;272658;59941
0.0;0;0;272685;0
0.432;67884;34582;272697;33302
0.516;69891;20867;272735;49024
0.0;0;0;272744;0
0.174;8691;5307;272809;3384
0.0;0;0;272831;0
1.0;0;0;272839;0
0.0;0;0;272842;0
0.363;44258;30233;272912;14025
0.252;13509;5472;272960;8037
1.0;16363;11532;272986;4831
0.238;138584;51137;272995;87447
0.699;7972;7236;273024;736
0.0;0;0;273081;0
0.0;0;0;273101;0
0.142;66366;1729;273122;64637
0.114;262864;77712;273134;185152
0.329;363165;159656;273272;203509
0.41;161405;63012;273297;98393
0.389;282537;128955;273300;153582
0.641;12668;9222;273303;3446
0.467;169985;107139;273315;62846
0.436;54254;35947;273318;18307
0.174;67479;25331;273320;42148
0.31;203917;125384;273332;78533
0.263;275074;132176;273337;142898
0.0;0;0;273341;0
0.545;244816;98983;273355;145833
0.144;79479;23647;273361;55832
0.0;0;0;273391;0
1.0;32796;26313;273414;6483
0.112;224300;96245;273460;128055
0.0;0;0;273479;0
1.0;1011;1011;273481;0
0.776;36613;33579;273489;3034
0.444;60928;20161;273498;40767
0.169;23714;9316;273559;14398
0.0;0;0;273566;0
0.562;26935;22930;273577;4005
0.187;204824;90172;273587;114652
0.1;283341;96495;273624;186846
0.0;0;0;273631;0
0.36;33132;20723;273670;12409
0.0;0;0;273671;0
0.667;41987;30511;273675;11476
0.0;0;0;273682;0
0.249;565471;119120;273685;446351
0.115;111670;47540;273720;64130
0.073;109952;37206;273732;72746
0.012;114497;9311;273748;105186
0.155;284181;63618;273753;220563
0.123;243830;60090;273766;183740
0.117;319863;92693;273769;227170
0.364;234326;79350;273788;154976
0.105;336989;55747;273851;281242
0.113;235811;52348;273858;183463
0.0;0;0;273872;0
0.149;295459;81554;273892;213905
0.0;0;0;273895;0
0.344;180870;98929;273917;81941
0.101;414243;84796;273928;329447
0.29;8717;8292;273947;425
0.0;0;0;273951;0
0.248;15850;8435;273962;7415
0.235;363264;130167;273987;233097
0.0;0;0;274031;0
0.273;97138;32791;274055;64347
0.336;297193;171728;274088;125465
0.0;0;0;274102;0
0.274;549464;160444;274108;389020
0.0;0;0;274111;0
0.701;52425;41904;274124;10521
0.0;0;0;274168;0
0.005;26595;12542;274187;14053
0.222;443319;186984;274200;256335
0.254;153835;92564;274217;61271
0.0;0;0;274226;0
0.342;260543;113971;274229;146572
0.189;408505;131157;274237;277348
0.596;134683;88132;274238;46551
0.42;17452;13118;274241;4334
0.125;9500;578;274245;8922
0.0;0;0;274253;0
0.0;0;0;274268;0
0.435;57457;48230;274270;9227
0.716;167801;69916;274279;97885
0.583;217553;90868;274280;126685
0.674;29629;22552;274286;7077
0.609;24592;19602;274295;4990
0.346;210574;112950;274297;97624
0.555;197622;147294;274314;50328
0.0;0;0;274315;0
0.62;119049;71374;274317;47675
0.42;64056;49785;274319;14271
0.42;92159;58360;274324;33799
0.457;89114;45127;274328;43987
0.0;0;0;274345;0
0.589;25719;20237;274403;5482
0.265;628847;218046;274426;410801
0.0;0;0;274445;0
0.02;29699;13744;274458;15955
0.0;0;0;274479;0
0.0;0;0;274501;0
0.506;117882;55252;274512;62630
0.193;382594;159136;274514;223458
0.0;0;0;274515;0
0.394;144026;69300;274550;74726
0.274;51730;44902;274568;6828
1.0;8861;8861;274579;0
0.135;77565;19970;274590;57595
0.345;112552;80604;274596;31948
0.732;22287;12342;274600;9945
0.598;57104;45856;274611;11248
0.0;0;0;274616;0
0.163;535848;151191;274620;384657
0.0;0;0;274637;0
1.0;45165;45165;274642;0
0.688;71109;46406;274645;24703
0.245;225224;104888;274650;120336
0.0;0;0;274656;0
0.283;538532;193127;274663;345405
0.686;140540;101975;274669;38565
0.449;201095;101342;274670;99753
0.285;142537;69370;274680;73167
0.266;365957;191799;274745;174158
0.144;291524;88091;274748;203433
0.0;0;0;274783;0
0.0;0;0;274791;0
0.156;187017;43500;274810;143517
0.207;72528;39301;274811;33227
1.0;281;281;274838;0
0.089;193752;55668;274844;138084
0.0;0;0;274857;0
0.95;10009;9780;274859;229
0.0;0;0;274862;0
0.047;75813;34313;274887;41500
0.254;97484;43498;274923;53986
0.63;47121;40791;274949;6330
1.0;474;474;275028;0
0.633;225531;166530;275055;59001
0.773;19664;10185;275059;9479
0.677;113672;85202;275075;28470
0.642;142769;84561;275078;58208
0.0;0;0;275103;0
0.0;0;0;275116;0
0.907;10894;8650;275138;2244
0.379;17892;13305;275149;4587
0.0;0;0;275156;0
0.085;56167;16150;275170;40017
0.505;79639;69173;275194;10466
0.801;74615;63950;275216;10665
0.0;0;0;275244;0
0.0;0;0;275249;0
1.0;0;0;275291;0
0.0;0;0;275325;0
0.0;0;0;275333;0
0.0;0;0;275381;0
0.19;204131;74252;275385;129879
1.0;0;0;275392;0
0.0;0;0;275394;0
0.0;0;0;275407;0
0.0;0;0;275409;0
0.362;623150;207278;275427;415872
0.516;118278;89367;275446;28911
0.0;0;0;275452;0
0.102;173095;55803;275484;117292
0.0;0;0;275491;0
0.664;9899;9538;275497;361
0.0;0;0;275508;0
0.0;0;0;275509;0
0.0;0;0;275562;0
0.0;0;0;275584;0
0.1;7067;5064;275662;2003
0.0;0;0;275695;0
1.0;3117;3117;275717;0
0.675;68524;54074;275726;14450
0.407;541076;272243;275755;268833
0.0;0;0;275765;0
0.0;0;0;275768;0
0.109;203539;83232;275778;120307
0.22;27434;12954;275794;14480
0.383;36674;10197;275811;26477
0.0;0;0;275822;0
0.0;0;0;275829;0
0.0;0;0;275835;0
0.119;267194;76952;275838;190242
0.198;772255;285136;275859;487119
0.568;173876;109475;275862;64401
0.918;11860;11383;275890;477
0.38;31241;21148;275926;10093
0.422;20426;19411;275953;1015
0.436;119654;78376;275959;41278
0.362;171617;56687;275982;114930
0.846;20498;10094;276002;10404
0.0;0;0;276013;0
0.0;0;0;276034;0
0.06;168994;34399;276046;134595
0.295;271830;64005;276057;207825
0.09;33631;14714;276241;18917
0.089;53021;2473;276257;50548
0.436;116300;91406;276264;24894
0.0;0;0;276280;0
0.335;191056;99559;276306;91497
0.433;15539;14633;276311;906
0.0;0;0;276375;0
0.008;65853;6046;276383;59807
0.259;90842;24829;276418;66013
0.762;7644;7079;276438;565
0.19;536065;155448;276470;380617
0.17;595110;144262;276471;450848
0.0;0;0;276499;0
0.303;442953;180284;276506;262669
1.0;1454;1454;276539;0
0.0;0;0;276554;0
0.0;0;0;276579;0
0.297;52908;28325;276592;24583
0.0;0;0;276595;0
1.0;0;0;276622;0
0.0;0;0;276654;0
0.281;75218;46570;276680;28648
0.223;326562;63754;276703;262808
0.0;0;0;276711;0
0.362;158210;67377;276717;90833
0.308;79991;38931;276726;41060
0.076;120042;33918;276728;86124
0.0;0;0;276770;0
0.0;0;0;276774;0
0.138;252570;114432;276804;138138
0.189;164001;78153;276819;85848
0.38;111854;71768;276826;40086
0.541;48691;31399;276833;17292
0.555;132852;93680;276883;39172
0.346;31699;7755;276894;23944
0.0;0;0;276906;0
0.271;243072;123752;276908;119320
0.188;8178;4928;276914;3250
0.0;0;0;276918;0
0.0;0;0;276925;0
0.472;230659;109526;276937;121133
0.318;18146;14101;276951;4045
0.402;159612;140097;276954;19515
1.0;1454;1454;277041;0
0.429;114599;76146;277049;38453
1.0;6217;6217;277074;0
0.902;11999;8937;277178;3062
0.237;259142;87773;277217;171369
0.585;494434;187742;277218;306692
0.756;8176;6865;277220;1311
0.156;34927;19752;277236;15175
0.561;6806;6449;277238;357
0.308;251577;125397;277242;126180
0.25;53546;43059;277245;10487
0.57;43389;38887;277249;4502
0.366;441242;180662;277252;260580
0.189;46501;33498;277255;13003
0.383;198080;109702;277261;88378
0.0;0;0;277264;0
0.425;62260;30590;277273;31670
0.896;40063;39696;277275;367
0.81;35828;32789;277284;3039
0.279;206066;130004;277295;76062
0.552;58581;51868;277389;6713
0.0;0;0;277436;0
0.244;44426;19809;277441;24617
0.524;29722;22541;277453;7181
1.0;3100;3100;277467;0
0.348;290930;130904;277483;160026
0.507;8076;5798;277489;2278
1.0;3623;3623;277496;0
0.201;813892;235540;277503;578352
0.39;243185;183516;277505;59669
0.0;0;0;277542;0
0.0;0;0;277546;0
0.462;34366;12882;277548;21484
0.64;47801;39874;277563;7927
0.0;0;0;277572;0
0.232;17363;11487;277575;5876
0.111;759;0;277577;759
0.206;129037;54780;277592;74257
0.25;81724;33745;277600;47979
0.03;68816;21592;277639;47224
0.408;81256;45254;277650;36002
0.0;0;0;277659;0
0.293;99652;25759;277661;73893
1.0;0;0;277689;0
0.347;381822;167544;277704;214278
0.486;69829;30017;277709;39812
0.0;0;0;277715;0
0.578;12939;9724;277735;3215
0.263;124719;44143;277787;80576
0.628;180309;141171;277821;39138
0.793;5162;3674;277823;1488
0.185;11344;8589;277832;2755
0.104;361493;70591;277997;290902
0.741;107984;41872;278002;66112
0.0;0;0;278007;0
0.322;288191;131211;278010;156980
0.478;159706;78364;278017;81342
0.287;1425140;406147;278044;1018993
0.438;301928;98343;278069;203585
0.0;0;0;278080;0
0.251;355953;141725;278109;214228
0.0;0;0;278129;0
0.055;302014;62040;278220;239974
0.207;290479;98329;278252;192150
0.423;213785;143191;278255;70594
0.235;311414;69648;278256;241766
0.428;48000;32045;278257;15955
0.0;0;0;278267;0
0.37;397598;193268;278275;204330
0.49;155790;99606;278287;56184
0.0;0;0;278292;0
0.332;55458;26322;278355;29136
1.0;0;0;278381;0
0.244;56254;27413;278402;28841
0.153;107016;37618;278444;69398
0.23;888050;315093;278457;572957
0.353;779402;342558;278460;436844
0.0;0;0;278464;0
0.122;108869;48868;278467;60001
0.0;0;0;278487;0
0.0;0;0;278494;0
0.0;0;0;278632;0
1.0;3180;3180;278716;0
0.0;0;0;278766;0
0.0;0;0;278785;0
0.456;36100;15900;278786;20200
0.239;367336;129279;278807;238057
0.0;0;0;278827;0
0.0;0;0;278837;0
0.079;169448;46235;278879;123213
0.0;0;0;278890;0
0.085;157234;61533;278906;95701
0.411;110964;48757;278910;62207
0.074;372397;107498;278940;264899
0.106;342988;57462;278946;285526
0.133;277967;63396;278958;214571
0.09;66799;21163;278972;45636
0.086;87440;18526;278976;68914
0.71;8491;7733;278983;758
0.398;713854;155561;279005;558293
0.024;54215;15620;279007;38595
0.0;0;0;279010;0
0.141;113026;32315;279015;80711
0.063;127738;19261;279021;108477
0.262;62374;27436;279022;34938
0.0;0;0;279026;0
0.338;93945;50270;279029;43675
0.492;443366;147186;279032;296180
0.083;172790;33633;279036;139157
0.0;0;0;279040;0
0.064;31261;15633;279048;15628
0.385;1267;563;279055;704
0.275;385720;86363;279061;299357
0.547;448667;290832;279076;157835
0.081;82440;13248;279098;69192
0.14;272844;87211;279130;185633
0.353;191539;106865;279147;84674
0.445;143201;67647;279157;75554
0.376;959065;377794;279168;581271
0.112;252963;51023;279186;201940
0.392;870116;295706;279191;574410
0.185;175635;58753;279232;116882
0.262;399966;138096;279235;261870
0.0;0;0;279267;0
0.435;215501;82019;279308;133482
0.0;0;0;279328;0
0.0;0;0;279367;0
0.0;0;0;279422;0
1.0;3117;3117;279450;0
0.0;0;0;279460;0
0.246;56791;18842;279468;37949
0.025;0;3117;279500;3117
0.0;0;0;279508;0
0.72;45512;21516;279510;23996
1.0;6217;6217;279528;0
0.604;44019;26611;279536;17408
0.29;126051;53912;279548;72139
0.255;775211;243306;279549;531905
0.0;0;0;279556;0
0.218;398692;206219;279565;192473
0.0;0;0;279572;0
0.59;91113;76234;279581;14879
0.545;147604;94136;279591;53468
0.249;327621;112106;279592;215515
0.037;59874;10508;279598;49366
0.651;270730;219368;279617;51362
0.384;319950;192286;279643;127664
0.0;0;0;279649;0
0.2;389718;129076;279650;260642
0.246;253358;91830;279657;161528
0.0;0;0;279665;0
0.467;253208;160358;279678;92850
0.074;4969;4383;279687;586
0.0;0;0;279730;0
0.047;49566;25892;279791;23674
0.0;0;0;279841;0
0.773;8167;5720;279855;2447
0.0;0;0;279882;0
0.2;17910;12040;279977;5870
0.283;245793;109370;279979;136423
0.241;403594;143780;279988;259814
0.258;345937;186531;279989;159406
0.104;209990;44870;279994;165120
0.193;161722;68209;279995;93513
0.0;0;0;279999;0
0.0;0;0;280008;0
0.538;51083;43438;280014;7645
0.0;0;0;280032;0
0.8;46734;34593;280046;12141
0.282;73991;42006;280051;31985
0.0;0;0;280055;0
0.0;0;0;280058;0
0.231;42083;34174;280069;7909
1.0;2497;2497;280086;0
0.153;95474;50108;280123;45366
0.151;24962;11901;280173;13061
0.0;0;0;280209;0
0.111;63070;17032;280241;46038
0.0;0;0;280244;0
0.0;0;0;280268;0
0.136;810012;138738;280269;671274
0.313;153653;60616;280284;93037
0.0;0;0;280300;0
0.235;413405;134850;280311;278555
0.117;198023;36183;280360;161840
0.275;266824;162375;280417;104449
0.0;0;0;280438;0
0.295;165388;53287;280450;112101
0.076;114337;29782;280462;84555
0.234;329806;107916;280464;221890
0.0;0;0;280509;0
0.222;80770;39237;280533;41533
0.311;200293;117364;280540;82929
0.271;32936;14583;280544;18353
0.103;155487;38860;280552;116627
0.0;0;0;280576;0
0.708;14494;9807;280600;4687
0.0;0;0;280641;0
0.625;26939;20777;280709;6162
0.754;16377;15735;280727;642
0.0;0;0;280729;0
0.175;79356;31067;280743;48289
0.382;297085;186673;280778;110412
0.264;177445;25441;280814;152004
0.0;0;0;280816;0
0.514;59552;40483;280831;19069
0.433;8873;7861;280833;1012
0.235;816501;236017;280838;580484
0.0;0;0;280847;0
0.842;15619;3269;280874;12350
0.299;174709;54269;280925;120440
0.0;0;0;280926;0
0.0;0;0;280953;0
0.125;157996;46821;280964;111175
0.0;0;0;280969;0
0.0;0;0;280970;0
1.0;23384;23384;280975;0
0.0;0;0;280979;0
0.432;43489;24793;281007;18696
0.43;303489;134791;281026;168698
0.0;0;0;281030;0
0.0;0;0;281057;0
0.6;39898;33269;281097;6629
0.0;0;0;281147;0
0.0;0;0;281168;0
0.461;240199;118293;281194;121906
0.356;230209;140749;281213;89460
0.332;378708;150209;281219;228499
0.272;490093;193902;281248;296191
0.308;166980;65199;281295;101781
0.033;64157;16484;281311;47673
0.207;141214;105152;281322;36062
0.0;0;0;281328;0
0.029;62988;5527;281342;57461
0.732;13538;9881;281346;3657
0.0;0;0;281352;0
0.0;0;0;281373;0
0.0;0;0;281374;0
0.548;233365;143952;281378;89413
0.339;349368;220565;281381;128803
1.0;6841;6841;281394;0
0.047;134174;34902;281414;99272
0.0;0;0;281496;0
0.222;57412;9089;281546;48323
0.074;249172;81787;281549;167385
0.209;412073;157187;281606;254886
0.0;0;0;281610;0
0.981;6136;5791;281615;345
0.262;158502;105062;281633;53440
0.107;278027;133549;281648;144478
0.0;0;0;281657;0
0.0;0;0;281709;0
0.336;79017;57557;281728;21460
0.36;6574;5557;281731;1017
0.245;142185;64436;281732;77749
0.274;514676;147623;281744;367053
0.0;0;0;281746;0
0.614;20696;15628;281761;5068
0.0;0;0;281779;0
0.27;285463;100212;281790;185251
0.071;10203;8413;281796;1790
0.147;208540;81461;281805;127079
0.322;102723;52272;281812;50451
1.0;3213;3273;281838;60
0.086;101939;40188;281855;61751
0.535;162509;134032;281857;28477
0.276;214775;92728;281871;122047
0.177;515337;136062;281872;379275
0.261;64007;27144;281874;36863
0.142;128408;31770;281887;96638
0.0;0;0;281947;0
0.507;70685;38633;281949;32052
0.0;0;0;281976;0
0.241;135303;47697;281982;87606
0.21;301874;117417;281987;184457
0.0;0;0;282076;0
0.0;0;0;282100;0
0.0;0;0;282124;0
0.808;6289;5964;282137;325
0.095;99540;19883;282139;79657
0.2;443010;208829;282147;234181
0.264;447031;158089;282172;288942
0.128;507196;111862;282187;395334
0.0;0;0;282189;0
0.852;12845;8262;282192;4583
0.658;12232;6142;282221;6090
0.0;0;0;282262;0
0.2;458564;190903;282265;267661
0.276;375203;139599;282286;235604
0.0;0;0;282315;0
0.0;0;0;282354;0
0.0;0;0;282359;0
0.0;0;0;282445;0
0.162;68064;26168;282465;41896
0.559;276670;175917;282477;100753
0.379;67591;33958;282486;33633
0.0;0;0;282492;0
0.243;183248;58769;282497;124479
0.301;16230;12489;282498;3741
0.0;0;0;282511;0
0.207;486264;150548;282526;335716
0.343;127639;83877;282548;43762
0.551;83167;59061;282561;24106
0.0;0;0;282568;0
0.141;187610;54005;282580;133605
0.376;458271;164551;282593;293720
0.574;117191;61285;282594;55906
1.0;837;837;282599;0
0.338;512417;177173;282606;335244
0.235;20918;14651;282609;6267
0.093;156246;46597;282636;109649
0.0;0;0;282638;0
0.453;179373;104481;282644;74892
0.0;0;0;282738;0
0.0;0;0;282741;0
0.295;73526;23505;282756;50021
0.195;461015;165048;282771;295967
0.085;52330;16728;282791;35602
0.266;43139;11913;282801;31226
0.224;11317;9914;282811;1403
0.0;0;0;282940;0
0.291;643318;269533;282943;373785
0.0;0;0;282946;0
0.418;153682;136153;282951;17529
0.122;7143;5441;282962;1702
0.235;953374;177693;282964;775681
1.0;9727;9727;282995;0
0.466;23476;19767;283010;3709
0.0;0;0;283037;0
0.318;207212;93743;283059;113469
0.5;132956;51971;283062;80985
0.485;182492;136010;283068;46482
0.0;0;0;283106;0
0.0;0;0;283128;0
0.0;0;0;283135;0
0.242;19873;11306;283140;8567
0.514;3047;1552;283153;1495
0.143;18406;13022;283162;5384
0.265;707182;195009;283200;512173
0.8;40843;37999;283219;2844
0.548;152304;114912;283232;37392
0.063;115874;22836;283243;93038
0.186;359674;199112;283257;160562
0.214;9575;6908;283268;2667
0.194;189966;65446;283273;124520
0.403;282243;153298;283319;128945
0.556;104691;64603;283338;40088
1.0;4456;4456;283344;0
0.443;149651;83073;283359;66578
0.19;797592;272965;283371;524627
0.333;338777;128396;283378;210381
0.0;0;0;283501;0
0.397;95138;33191;283504;61947
0.0;0;0;283537;0
0.0;0;0;283556;0
0.403;330055;195502;283574;134553
0.0;0;0;283575;0
0.0;0;0;283602;0
1.0;72064;26305;283616;45759
0.419;533912;280378;283620;253534
0.0;0;0;283642;0
0.397;178701;52989;283644;125712
0.0;0;0;283653;0
0.0;0;0;283655;0
0.0;0;0;283657;0
0.0;0;0;283667;0
0.445;32614;25698;283700;6916
0.222;137258;58001;283712;79257
0.075;426684;151731;283713;274953
0.133;316846;112118;283740;204728
0.536;191425;64200;283752;127225
0.074;151068;54796;283756;96272
0.402;129712;65171;283769;64541
0.216;199187;97007;283773;102180
0.193;314448;134000;283778;180448
0.0;0;0;283782;0
0.358;67282;46819;283787;20463
0.219;643478;133726;283795;509752
0.579;10214;6449;283799;3765
0.319;58518;46622;283827;11896
0.0;0;0;283829;0
1.0;0;0;283835;0
0.0;0;0;283847;0
0.72;39508;32676;283849;6832
0.0;0;0;283863;0
0.111;49252;20999;283873;28253
0.173;168050;73121;283875;94929
0.0;0;0;283879;0
0.0;0;0;283886;0
0.913;1509;1260;283898;249
0.0;0;0;283905;0
0.159;58104;26742;283938;31362
0.21;135816;43487;283957;92329
0.0;0;0;283961;0
0.0;0;0;283980;0
0.077;70081;28106;283986;41975
0.0;0;0;284009;0
0.0;0;0;284011;0
0.0;0;0;284012;0
0.094;120292;25163;284018;95129
0.0;0;0;284097;0
0.075;81640;14818;284098;66822
0.0;0;0;284105;0
0.0;0;0;284184;0
0.431;49661;30177;284200;19484
0.532;29205;15784;284201;13421
0.376;45729;25553;284240;20176
0.0;0;0;284289;0
0.0;0;0;284305;0
0.517;30233;18211;284309;12022
0.0;0;0;284317;0
0.0;0;0;284362;0
0.0;0;0;284375;0
0.0;0;0;284387;0
0.612;4811;4280;284389;531
0.0;0;0;284395;0
0.43;82586;65434;284403;17152
0.0;0;0;284414;0
0.0;0;0;284419;0
0.68;119371;99982;284425;19389
0.325;286539;157904;284431;128635
0.337;18055;9425;284461;8630
0.215;105028;53340;284484;51688
1.0;27193;13984;284497;13209
1.0;3416;3416;284501;0
0.123;152445;69704;284504;82741
0.0;0;0;284527;0
0.107;1040866;223616;284533;817250
0.418;417405;109772;284549;307633
0.221;87875;44695;284554;43180
0.977;153584;128975;284557;24609
0.559;95224;85447;284561;9777
0.14;314357;144236;284564;170121
0.01;7928;0;284584;7928
1.0;0;0;284590;0
0.284;114512;67232;284605;47280
0.167;313127;108227;284648;204900
0.616;185681;56307;284656;129374
0.0;0;0;284675;0
0.285;235650;95716;284687;139934
0.136;70939;15314;284690;55625
0.167;192507;52212;284708;140295
0.213;121373;65879;284713;55494
0.25;220683;61535;284734;159148
0.545;31458;15835;284750;15623
1.0;21996;15387;284763;6609
0.49;161638;103970;284771;57668
0.0;0;0;284811;0
0.541;63114;38591;284827;24523
0.151;366902;106455;284841;260447
0.287;223242;139264;284857;83978
0.0;0;0;284898;0
0.203;115867;46878;284909;68989
0.421;33006;15132;284922;17874
0.214;177479;81513;284963;95966
0.786;9423;8112;284964;1311
0.61;20341;15557;284966;4784
0.041;83490;25184;284971;58306
0.092;327028;71060;284972;255968
0.261;66404;46044;284981;20360
0.149;748940;114942;284982;633998
0.458;15521;8238;284986;7283
0.069;585536;124966;284987;460570
0.0;0;0;285003;0
0.304;214805;98234;285010;116571
0.485;65111;29716;285040;35395
0.169;598959;159478;285072;439481
0.201;383238;53426;285092;329812
0.084;425812;112779;285098;313033
0.355;257397;155639;285115;101758
0.594;31657;26887;285170;4770
0.0;0;0;285171;0
0.362;23392;10062;285189;13330
0.154;86024;17398;285195;68626
0.165;58702;21061;285205;37641
0.0;0;0;285213;0
0.492;13396;6317;285235;7079
0.862;35182;32344;285237;2838
0.585;50537;25732;285240;24805
0.261;1010929;247755;285243;763174
0.134;125740;50630;285244;75110
0.148;239089;111000;285245;128089
0.0;0;0;285251;0
0.146;287462;90426;285259;197036
0.573;143883;64787;285262;79096
0.449;84537;56812;285279;27725
0.523;52262;35335;285290;16927
0.0;0;0;285298;0
0.568;111877;80577;285300;31300
0.2;550587;256865;285306;293722
0.374;323170;171894;285318;151276
0.0;0;0;285319;0
0.536;231175;137599;285363;93576
0.218;383669;87608;285365;296061
0.0;0;0;285382;0
0.0;0;0;285402;0
0.138;13989;9177;285626;4812
0.315;488680;251454;285631;237226
0.0;0;0;285713;0
0.051;62382;16501;285722;45881
0.0;0;0;285733;0
0.61;110792;84544;285758;26248
0.413;297786;157781;285778;140005
0.634;124641;74404;285787;50237
0.842;28889;19289;285793;9600
0.372;15842;11745;285795;4097
0.103;452928;47196;285804;405732
0.28;140760;34344;285811;106416
0.0;0;0;285824;0
0.0;0;0;285832;0
0.0;0;0;285893;0
0.199;304708;108848;285905;195860
0.41;22701;10288;285920;12413
0.0;0;0;285938;0
0.0;0;0;285956;0
0.483;139454;110253;285971;29201
0.35;68112;6616;286036;61496
0.0;0;0;286045;0
0.0;0;0;286056;0
0.277;53402;33507;286064;19895
0.0;0;0;286066;0
0.867;24847;22872;286082;1975
0.162;22225;775;286104;21450
0.245;74231;42460;286111;31771
0.0;0;0;286116;0
0.0;0;0;286123;0
0.0;0;0;286145;0
0.514;209485;102328;286147;107157
0.214;122205;44015;286178;78190
0.313;62091;49366;286181;12725
0.447;372822;65345;286198;307477
0.393;36772;17686;286203;19086
0.314;387155;100437;286208;286718
0.139;56755;14356;286209;42399
0.0;0;0;286214;0
0.414;168746;102845;286216;65901
0.235;48106;35949;286218;12157
0.714;33124;25937;286239;7187
0.0;0;0;286324;0
0.416;188668;112098;286368;76570
0.576;13510;12629;286429;881
0.268;107003;89135;286474;17868
0.041;4745;563;286483;4182
0.416;36666;31673;286501;4993
0.0;0;0;286549;0
0.635;7325;4761;286607;2564
0.456;200240;104866;286618;95374
0.604;13391;6317;286662;7074
0.0;0;0;286778;0
0.0;0;0;286823;0
0.0;0;0;286844;0
0.184;91689;41999;286846;49690
0.246;60425;31923;286855;28502
0.567;174449;84417;286883;90032
0.208;424794;130231;286945;294563
0.378;1364323;448767;286948;915556
1.0;1881;1881;286951;0
1.0;30875;12350;287070;18525
0.321;245006;118419;287082;126587
0.0;0;0;287084;0
0.082;369597;89089;287096;280508
0.0;0;0;287100;0
0.113;124939;31303;287151;93636
0.601;126278;76214;287159;50064
0.0;0;0;287164;0
0.342;339196;205039;287188;134157
0.14;30099;17006;287199;13093
0.053;172129;67942;287201;104187
0.025;22369;5110;287206;17259
0.0;0;0;287210;0
0.375;172531;96332;287239;76199
0.125;142651;60036;287247;82615
1.0;1710;1710;287251;0
0.567;187527;119973;287253;67554
0.037;48203;19570;287269;28633
0.281;90224;54077;287272;36147
0.353;349679;95910;287280;253769
0.592;92536;53217;287289;39319
0.209;549564;217299;287295;332265
0.211;266325;112357;287298;153968
0.0;0;0;287300;0
0.0;0;0;287304;0
0.425;184262;77013;287325;107249
0.224;84237;23774;287345;60463
0.214;120254;37907;287347;82347
0.163;22674;12585;287375;10089
0.605;17285;15346;287376;1939
0.0;0;0;287401;0
0.0;0;0;287427;0
0.385;55345;20000;287430;35345
0.183;821760;217621;287438;604139
0.242;45728;19709;287444;26019
0.0;0;0;287456;0
0.379;47843;23276;287465;24567
0.089;246941;62453;287485;184488
0.122;125226;46268;287490;78958
0.0;0;0;287511;0
0.28;34276;24087;287528;10189
0.852;48041;30613;287544;17428
0.253;162852;34173;287547;128679
0.608;68522;51088;287561;17434
0.8;363;316;287562;47
0.243;344493;176834;287625;167659
0.0;0;0;287661;0
0.0;0;0;287679;0
0.423;3476;3204;287694;272
0.261;50863;24671;287695;26192
0.465;20381;10095;287703;10286
0.293;277961;110239;287707;167722
0.2;174172;43227;287718;130945
0.367;780104;272307;287722;507797
0.046;131263;32803;287733;98460
0.0;0;0;287735;0
0.287;571160;172008;287741;399152
0.0;0;0;287761;0
0.97;2024;2114;287771;90
0.0;0;0;287844;0
0.0;0;0;287845;0
0.0;0;0;287858;0
0.024;15408;6285;287865;9123
0.0;0;0;287873;0
0.0;0;0;287877;0
0.0;0;0;287882;0
0.0;0;0;287891;0
0.277;22961;12229;287924;10732
0.0;0;0;287933;0
0.0;0;0;287945;0
0.299;67322;30010;287950;37312
0.182;70275;37397;287997;32878
0.107;72904;20234;288023;52670
0.53;128022;69413;288031;58609
0.184;270417;91722;288133;178695
0.447;72877;50707;288144;22170
0.547;26687;21290;288157;5397
0.378;84579;62890;288162;21689
0.436;13156;12369;288168;787
0.0;0;0;288174;0
0.443;86751;65102;288179;21649
0.519;16349;11365;288180;4984
0.567;534075;255651;288197;278424
0.968;8761;8434;288201;327
0.159;884073;211955;288206;672118
0.108;487834;134395;288211;353439
0.0;0;0;288272;0
0.227;179712;57476;288327;122236
0.109;59376;17032;288406;42344
0.0;0;0;288410;0
0.901;8350;7153;288419;1197
0.0;0;0;288426;0
0.414;173077;56841;288430;116236
0.0;0;0;288433;0
0.384;198739;72737;288437;126002
0.0;0;0;288447;0
0.0;0;0;288455;0
0.0;0;0;288511;0
0.198;137193;82809;288513;54384
0.982;12049;5953;288519;6096
0.148;18736;10974;288552;7762
1.0;2448;2448;288615;0
0.0;0;0;288619;0
0.118;370396;116822;288639;253574
0.0;0;0;288645;0
0.474;219534;145518;288728;74016
0.432;7423;2927;288742;4496
0.0;0;0;288743;0
0.222;422690;142256;288753;280434
0.23;138503;91814;288760;46689
0.097;119299;30665;288768;88634
0.424;140434;68461;288771;71973
0.455;109818;76940;288776;32878
0.444;76379;28901;288778;47478
0.644;49049;23570;288786;25479
0.0;0;0;288802;0
0.282;314787;135230;288843;179557
0.0;0;0;288850;0
0.0;0;0;288867;0
0.0;0;0;288911;0
0.372;53293;34445;288920;18848
0.0;0;0;288924;0
0.964;4150;4099;289005;51
0.0;0;0;289008;0
0.697;20751;15159;289050;5592
0.076;71356;18376;289102;52980
0.0;0;0;289115;0
0.366;33760;12680;289122;21080
0.0;0;0;289136;0
0.0;0;0;289171;0
0.155;178373;66982;289199;111391
0.193;15872;3756;289203;12116
0.123;174615;29676;289204;144939
0.332;230770;125157;289240;105613
0.282;338715;97452;289256;241263
0.379;348190;200497;289257;147693
0.464;220723;98701;289280;122022
0.367;11543;7198;289283;4345
0.136;622109;210633;289295;411476
0.081;147335;30167;289350;117168
0.045;101453;18251;289352;83202
0.0;0;0;289353;0
0.632;25984;14130;289367;11854
0.404;785344;276002;289398;509342
0.535;148733;77482;289403;71251
0.0;0;0;289406;0
0.152;36035;24837;289416;11198
0.287;190525;95493;289429;95032
0.22;93453;41267;289543;52186
1.0;0;0;289576;0
0.651;144576;110440;289580;34136
0.224;17479;11377;289583;6102
0.467;124797;61825;289589;62972
0.0;0;0;289629;0
0.318;127544;53820;289656;73724
0.837;11505;10486;289692;1019
0.333;15144;11473;289694;3671
1.0;195;195;289720;0
0.474;36332;31634;289729;4698
0.0;0;0;289731;0
0.097;392467;90166;289738;302301
0.033;5376;0;289742;5376
0.0;0;0;289748;0
0.0;0;0;289754;0
0.293;147741;84278;289757;63463
0.093;168015;54327;289768;113688
0.506;139676;107947;289771;31729
0.0;0;0;289773;0
0.0;0;0;289777;0
0.49;5415;4092;289851;1323
0.389;403950;222139;289858;181811
0.0;0;0;289879;0
0.429;13614;10353;289906;3261
0.341;297795;90591;289919;207204
0.0;0;0;289922;0
0.118;184515;79172;289926;105343
0.361;131801;47007;289927;84794
0.0;0;0;289929;0
0.244;100654;46880;289939;53774
0.047;48352;10652;289945;37700
0.087;214188;60984;289947;153204
0.538;108240;86160;289949;22080
0.0;0;0;289953;0
0.221;161072;66353;289960;94719
0.501;105665;54539;289964;51126
0.0;0;0;289999;0
0.0;0;0;290056;0
0.0;0;0;290131;0
0.418;123103;67217;290133;55886
1.0;9164;9164;290140;0
0.27;102103;68646;290150;33457
0.773;15655;13871;290154;1784
1.0;1745;1745;290200;0
0.288;31582;9543;290210;22039
0.0;0;0;290237;0
0.316;46602;20365;290241;26237
0.0;0;0;290261;0
0.332;320703;80742;290271;239961
0.0;0;0;290284;0
0.323;157863;69508;290299;88355
0.325;137962;94730;290301;43232
0.754;26146;17063;290306;9083
0.704;5148;5076;290308;72
0.495;360545;218513;290309;142032
0.354;81184;58712;290310;22472
0.0;0;0;290312;0
0.0;0;0;290325;0
0.27;46794;20902;290331;25892
0.662;62809;53939;290335;8870
0.514;6449;4724;290337;1725
0.23;31678;26494;290351;5184
1.0;9997;9997;290353;0
1.0;3411;3411;290356;0
0.0;0;0;290360;0
0.124;199494;61954;290363;137540
0.492;16592;11314;290376;5278
0.61;9986;7214;290595;2772
0.0;0;0;290626;0
0.0;0;0;290656;0
0.834;59482;42801;290692;16681
0.281;256430;93065;290717;163365
0.53;223351;151503;290721;71848
0.416;437022;199054;290732;237968
0.131;99122;21321;290738;77801
0.883;15480;13260;290742;2220
1.0;1155;1155;290769;0
0.798;99495;84779;290770;14716
0.277;170385;85362;290779;85023
0.0;0;0;290829;0
0.0;0;0;290868;0
0.182;209629;77212;290869;132417
0.239;282227;104485;290880;177742
0.375;338566;197807;290890;140759
0.363;47598;29401;290909;18197
0.239;245367;115205;290920;130162
1.0;6075;6075;290925;0
1.0;775;775;290932;0
0.0;0;0;290940;0
1.0;0;0;290942;0
0.0;0;0;290960;0
0.393;60432;42720;290987;17712
0.037;76262;11021;290993;65241
0.0;0;0;290999;0
0.46;153815;79964;291002;73851
0.584;77473;61063;291029;16410
0.19;96500;27677;291030;68823
0.0;0;0;291032;0
0.0;0;0;291066;0
0.26;147178;95687;291069;51491
0.0;0;0;291075;0
0.0;0;0;291080;0
0.144;272232;88192;291096;184040
0.0;0;0;291115;0
0.567;221506;96606;291120;124900
0.596;81134;62020;291123;19114
0.731;14406;7574;291146;6832
0.145;113168;31735;291149;81433
0.094;56993;15861;291154;41132
1.0;9033;9033;291172;0
0.246;69091;28667;291173;40424
0.381;328737;132062;291183;196675
0.353;15732;9354;291185;6378
0.0;0;0;291189;0
0.0;0;0;291220;0
0.0;0;0;291251;0
0.577;140025;53215;291286;86810
0.798;24105;17816;291293;6289
0.0;0;0;291304;0
0.305;75163;32423;291315;42740
0.538;331892;144556;291316;187336
0.326;549706;263048;291318;286658
0.71;29604;15767;291330;13837
0.298;674434;258339;291335;416095
0.0;0;0;291356;0
0.0;0;0;291376;0
0.184;26559;4373;291432;22186
0.114;46622;17685;291433;28937
0.333;4448;3793;291442;655
0.0;0;0;291458;0
0.275;41775;27124;291463;14651
0.036;86995;17432;291468;69563
0.258;32091;16686;291474;15405
0.218;414783;129119;291476;285664
0.419;136124;63413;291489;72711
0.672;40403;26225;291503;14178
0.0;0;0;291515;0
0.018;29057;195;291534;28862
0.0;0;0;291547;0
0.168;260956;63535;291577;197421
0.095;400166;83804;291582;316362
0.374;177969;97650;291599;80319
0.314;572344;212386;291606;359958
0.296;106370;52898;291608;53472
0.0;0;0;291610;0
0.288;944171;288627;291631;655544
0.39;68554;34678;291632;33876
0.518;66241;50054;291640;16187
0.679;129906;101317;291645;28589
0.0;0;0;291649;0
1.0;10081;10081;291656;0
0.169;535281;105140;291660;430141
0.638;7559;6316;291666;1243
0.0;0;0;291668;0
0.0;0;0;291672;0
0.0;0;0;291689;0
1.0;15714;14939;291690;775
0.15;132054;44732;291692;87322
0.0;0;0;291694;0
0.0;0;0;291703;0
1.0;7536;7537;291712;1
0.0;0;0;291718;0
0.636;31761;11017;291723;20744
0.0;0;0;291731;0
0.0;0;0;291734;0
0.393;389666;174916;291740;214750
0.0;0;0;291742;0
0.02;8227;0;291812;8227
0.151;577121;149130;291821;427991
0.346;10734;5962;291828;4772
0.155;214904;60227;291830;154677
0.0;0;0;291848;0
0.122;57042;24445;291870;32597
0.0;0;0;291888;0
0.0;0;0;291890;0
0.518;21022;12754;291906;8268
0.208;123019;24856;291919;98163
0.699;46628;34954;291920;11674
0.535;65310;49360;291930;15950
0.755;88606;56665;291950;31941
0.276;465862;109375;292012;356487
0.0;0;0;292042;0
0.0;0;0;292049;0
0.541;39262;23079;292055;16183
0.0;0;0;292069;0
0.424;59879;33215;292134;26664
0.0;0;0;292235;0
1.0;1241;1241;292293;0
0.496;275421;137029;292333;138392
0.157;87476;23308;292334;64168
0.383;110679;82988;292353;27691
0.263;501974;219310;292391;282664
0.0;0;0;292421;0
0.75;19760;14987;292429;4773
0.682;66405;45311;292434;21094
0.385;107373;76785;292440;30588
0.223;58216;23262;292441;34954
0.875;35093;28408;292443;6685
0.474;228990;160921;292445;68069
0.883;38195;25551;292447;12644
0.205;221133;90424;292455;130709
0.209;431604;221658;292466;209946
0.235;513575;148776;292467;364799
0.408;66074;43638;292470;22436
0.396;17801;11102;292476;6699
0.0;0;0;292480;0
0.0;0;0;292492;0
0.0;0;0;292508;0
0.118;67006;24306;292516;42700
0.194;174253;68570;292519;105683
0.102;298607;78335;292525;220272
0.195;126857;54962;292541;71895
0.472;251038;151637;292547;99401
0.0;0;0;292551;0
0.275;137757;60976;292554;76781
0.0;0;0;292590;0
0.396;38884;10203;292591;28681
0.0;0;0;292608;0
0.492;32362;21191;292611;11171
0.705;8349;7724;292636;625
0.0;0;0;292638;0
0.27;532117;240372;292644;291745
0.0;0;0;292681;0
0.177;114899;36234;292777;78665
0.168;389183;125625;292787;263558
0.48;75017;63784;292793;11233
0.19;157505;50615;292805;106890
0.334;208366;80849;292807;127517
0.265;146239;53349;292813;92890
0.08;217662;82545;292815;135117
0.0;0;0;292819;0
0.31;158376;65467;292840;92909
0.38;624203;253121;292843;371082
0.275;65409;46697;292875;18712
0.246;112129;28026;292970;84103
0.0;0;0;292996;0
0.19;173392;57394;293009;115998
1.0;0;0;293019;0
0.374;214715;131671;293098;83044
0.0;0;0;293107;0
0.065;294189;68691;293161;225498
1.0;98;98;293207;0
0.135;615747;135300;293213;480447
0.296;184125;82236;293214;101889
0.0;0;0;293226;0
0.274;43665;26716;293229;16949
1.0;2608;2608;293231;0
0.494;165450;92130;293239;73320
0.507;124744;80829;293264;43915
0.163;205909;57311;293267;148598
0.381;78870;62920;293288;15950
0.334;40253;25186;293299;15067
0.59;34465;17663;293314;16802
0.232;219193;104880;293335;114313
0.35;33280;16512;293339;16768
0.503;41302;21893;293340;19409
0.228;654161;187291;293344;466870
0.125;482221;217403;293350;264818
0.0;0;0;293354;0
0.92;41966;37090;293357;4876
0.342;82665;49201;293359;33464
1.0;865;865;293360;0
0.396;313088;201323;293363;111765
0.085;33894;4378;293372;29516
0.299;90594;47266;293374;43328
0.29;310729;58337;293393;252392
0.0;0;0;293402;0
0.0;0;0;293403;0
0.324;35309;11831;293408;23478
0.232;116342;53086;293409;63256
0.438;5483;2006;293417;3477
0.0;0;0;293419;0
0.326;75441;29301;293423;46140
0.733;47153;31029;293424;16124
0.21;59299;25786;293426;33513
0.0;0;0;293440;0
0.139;52777;21134;293441;31643
0.952;71620;56424;293442;15196
0.0;0;0;293470;0
0.0;0;0;293472;0
0.0;0;0;293486;0
0.0;0;0;293489;0
0.247;276272;58551;293498;217721
0.383;73773;20831;293506;52942
0.144;674310;138862;293516;535448
0.238;106892;62038;293530;44854
0.23;46709;22253;293533;24456
0.658;151645;79503;293538;72142
0.781;75750;58738;293545;17012
0.241;369060;197392;293548;171668
0.034;7362;3602;293563;3760
0.0;0;0;293570;0
0.536;278381;189081;293572;89300
1.0;6200;6200;293599;0
0.647;34703;27628;293601;7075
0.53;17676;11859;293602;5817
0.056;27327;11452;293636;15875
0.149;87888;27349;293640;60539
0.394;153008;64137;293642;88871
0.884;8561;5629;293647;2932
1.0;0;0;293678;0
0.205;28444;10652;293687;17792
0.893;28800;20030;293703;8770
0.31;544392;217321;293706;327071
0.157;777010;311655;293707;465355
0.361;109581;65061;293718;44520
0.206;123711;54801;293761;68910
0.526;230131;160112;293802;70019
1.0;6759;6759;293825;0
0.0;0;0;293829;0
0.223;148784;78680;293840;70104
0.0;0;0;293852;0
0.322;18948;11774;293856;7174
0.248;849587;288795;293857;560792
0.256;315172;138428;293877;176744
0.32;373376;201558;293883;171818
0.191;174505;106224;293884;68281
0.85;32751;22897;293896;9854
0.585;119857;69617;293899;50240
0.0;0;0;293942;0
0.256;626379;161232;293954;465147
0.216;2175844;158884;293989;2016960
0.125;275565;82418;294000;193147
1.0;1610;1610;294013;0
0.0;0;0;294046;0
0.0;0;0;294081;0
0.143;514929;133485;294084;381444
0.095;625715;153284;294094;472431
0.032;27792;15293;294097;12499
0.348;150769;89213;294126;61556
0.038;37581;16501;294133;21080
0.507;32715;26885;294159;5830
0.0;0;0;294221;0
0.0;0;0;294224;0
0.402;66383;43107;294231;23276
0.0;0;0;294267;0
0.349;5017;4864;294281;153
0.596;26349;20658;294333;5691
0.167;245345;86633;294339;158712
0.373;65489;44557;294357;20932
0.245;472013;152615;294364;319398
0.223;535639;152126;294399;383513
0.0;0;0;294429;0
1.0;9317;9317;294438;0
0.512;20337;12373;294441;7964
0.34;95677;7643;294458;88034
0.047;133577;16195;294480;117382
0.908;26011;17776;294485;8235
0.893;4305;2632;294536;1673
0.0;0;0;294553;0
0.142;22320;10372;294566;11948
0.0;0;0;294627;0
0.962;18250;8929;294659;9321
0.364;1029663;361798;294665;667865
0.26;266355;89783;294680;176572
0.316;370076;105585;294711;264491
0.048;32789;12523;294826;20266
0.37;54672;28364;294856;26308
0.597;218442;130510;294883;87932
0.333;784;0;294911;784
0.121;100154;8478;294933;91676
0.452;8363;3733;294973;4630
0.342;63898;38034;295015;25864
0.285;441990;168977;295029;273013
0.476;40620;29395;295080;11225
0.211;115717;33944;295099;81773
0.475;418719;225359;295122;193360
0.0;0;0;295150;0
0.724;99127;76326;295152;22801
0.0;0;0;295172;0
0.338;67376;40063;295177;27313
0.298;354936;135254;295180;219682
0.103;378171;111907;295183;266264
0.0;0;0;295194;0
0.28;50513;40444;295199;10069
1.0;1089;1089;295201;0
0.318;356888;76346;295214;280542
0.43;270418;113775;295216;156643
0.471;53103;45272;295218;7831
0.415;56949;18042;295230;38907
0.0;0;0;295257;0
0.352;651024;169048;295278;481976
0.755;106146;67842;295283;38304
0.37;20443;5857;295300;14586
0.095;174236;57362;295301;116874
0.415;103331;89090;295304;14241
0.0;0;0;295352;0
0.18;81266;29066;295367;52200
0.0;0;0;295368;0
0.0;0;0;295377;0
0.0;0;0;295397;0
0.211;95895;39253;295414;56642
0.0;0;0;295418;0
0.5;7697;5747;295423;1950
0.076;393528;110947;295425;282581
0.254;91861;43053;295440;48808
0.268;122675;48719;295442;73956
0.206;544111;229647;295444;314464
0.935;101542;46949;295447;54593
0.306;184043;94269;295455;89774
1.0;635;635;295463;0
0.0;0;0;295464;0
0.301;263216;122504;295467;140712
0.182;492484;141402;295507;351082
0.037;16638;5044;295509;11594
0.338;236892;44618;295515;192274
0.0;0;0;295523;0
0.422;96679;76158;295528;20521
0.073;187889;35576;295540;152313
0.41;1325733;393414;295568;932319
0.521;204007;121912;295585;82095
0.026;106280;14482;295592;91798
0.967;8390;4706;295650;3684
0.0;0;0;295656;0
0.3;97447;51028;295684;46419
0.321;162600;61859;295704;100741
0.503;16205;13120;295705;3085
0.222;2651;2637;295712;14
0.366;434268;293437;295726;140831
0.143;280712;133288;295744;147424
0.0;0;0;295792;0
0.969;33807;28783;295851;5024
0.0;0;0;295953;0
0.254;122445;62584;295974;59861
0.277;135038;82456;295987;52582
0.302;46482;21075;296052;25407
0.0;0;0;296066;0
0.265;255952;106219;296067;149733
0.419;1098657;364129;296082;734528
0.121;248004;79311;296087;168693
0.917;11874;10777;296100;1097
0.766;11985;5391;296104;6594
0.0;0;0;296112;0
0.0;0;0;296141;0
0.0;0;0;296163;0
0.392;175336;100034;296201;75302
0.2;67550;27551;296221;39999
0.0;0;0;296270;0
0.0;0;0;296302;0
0.474;49441;33323;296346;16118
0.452;207156;117301;296388;89855
0.0;0;0;296396;0
1.0;0;0;296405;0
0.37;165864;109843;296412;56021
0.521;56594;41802;296422;14792
0.0;0;0;296432;0
0.104;72245;21973;296449;50272
0.096;210757;88369;296467;122388
0.548;21083;10568;296502;10515
0.0;0;0;296530;0
0.0;0;0;296537;0
0.0;0;0;296631;0
0.018;25520;214;296737;25306
0.488;103768;35090;296748;68678
0.291;341666;145113;296788;196553
0.404;392076;195011;296791;197065
0.0;0;0;296812;0
1.0;0;0;296857;0
0.0;0;0;296858;0
0.379;88143;23473;296865;64670
0.293;168180;71019;296872;97161
0.638;37542;30790;296876;6752
0.197;190625;70820;296878;119805
0.0;0;0;296880;0
0.0;0;0;296881;0
0.243;448605;148910;296886;299695
0.288;182701;107503;296926;75198
0.023;6616;0;297006;6616
0.949;82388;77343;297010;5045
0.161;52755;11055;297053;41700
0.786;3539;2621;297069;918
0.368;25334;19467;297074;5867
0.0;0;0;297075;0
0.0;0;0;297080;0
0.166;200873;46327;297102;154546
0.054;80907;30352;297104;50555
0.298;470002;184108;297118;285894
1.0;343;343;297130;0
0.0;0;0;297161;0
1.0;14449;14449;297225;0
0.0;0;0;297287;0
0.432;100989;32702;297395;68287
0.0;0;0;297405;0
0.207;219092;136641;297413;82451
0.386;69539;50635;297422;18904
0.0;0;0;297430;0
1.0;15546;15546;297440;0
0.232;110691;59697;297458;50994
0.355;41704;26778;297460;14926
0.713;27896;14750;297471;13146
0.221;10061;6026;297482;4035
0.396;36286;33317;297486;2969
0.0;0;0;297551;0
0.071;17332;0;297565;17332
0.395;44923;25144;297574;19779
0.0;0;0;297626;0
0.0;0;0;297707;0
0.0;0;0;297734;0
0.096;208402;52001;297740;156401
0.039;28036;10468;297749;17568
0.089;185001;36051;297751;148950
0.193;16972;7058;297774;9914
0.0;0;0;297789;0
0.122;533817;99271;297791;434546
0.041;184539;35683;297795;148856
0.0;0;0;297810;0
0.382;152667;101003;297820;51664
0.0;0;0;297838;0
0.248;108027;57868;297844;50159
0.437;118429;89833;297868;28596
0.235;69531;50464;297874;19067
0.124;284435;99088;297924;185347
0.0;0;0;297929;0
0.946;208532;153605;297954;54927
0.0;0;0;297966;0
0.871;2637;2002;297969;635
0.963;28361;27079;297978;1282
0.23;106652;67305;297981;39347
0.276;115828;65511;297994;50317
0.679;54806;29832;298012;24974
0.0;0;0;298016;0
0.658;220103;149837;298033;70266
0.185;49806;5966;298039;43840
0.32;42031;21850;298043;20181
0.428;44686;39232;298066;5454
0.2;102550;46221;298103;56329
0.404;24003;18561;298104;5442
0.058;59105;21739;298108;37366
0.191;180938;65832;298174;115106
0.0;0;0;298181;0
0.0;0;0;298209;0
0.367;142823;76786;298218;66037
0.0;0;0;298221;0
0.0;0;0;298224;0
0.704;44298;39723;298233;4575
0.186;643483;201027;298245;442456
0.227;102855;49430;298262;53425
0.0;0;0;298266;0
0.889;119461;83020;298269;36441
0.166;924741;229069;298281;695672
0.0;0;0;298282;0
0.288;523601;116313;298296;407288
0.408;147427;82632;298303;64795
0.078;136603;44743;298342;91860
0.469;34593;26216;298347;8377
0.336;108784;46133;298382;62651
0.0;0;0;298392;0
0.843;136513;73173;298403;63340
0.278;27803;24506;298406;3297
0.357;19606;16605;298411;3001
0.368;326102;163660;298419;162442
0.188;560543;189409;298427;371134
0.0;0;0;298442;0
0.0;0;0;298448;0
0.857;21613;15820;298458;5793
1.0;2099;2099;298465;0
0.457;609568;330555;298475;279013
0.262;57072;34881;298499;22191
0.0;0;0;298532;0
0.0;0;0;298534;0
0.168;17165;1441;298568;15724
0.483;127356;101791;298570;25565
0.401;145446;60761;298605;84685
0.138;153001;45839;298635;107162
0.0;0;0;298640;0
0.0;0;0;298643;0
0.0;0;0;298661;0
0.492;57529;38624;298685;18905
0.62;72128;33064;298743;39064
0.357;36843;28194;298769;8649
0.268;114125;41975;298785;72150
0.0;0;0;298797;0
0.0;0;0;298803;0
0.0;0;0;298815;0
0.316;160444;96272;298819;64172
0.0;0;0;298822;0
0.112;124420;45877;298828;78543
0.228;333148;105852;298878;227296
0.431;125577;104496;298880;21081
1.0;5742;5742;298888;0
0.261;292488;48116;298891;244372
0.555;34371;25027;298892;9344
0.0;0;0;298895;0
0.38;37935;25802;298897;12133
1.0;9242;9242;298907;0
0.272;7399;6263;298910;1136
0.0;0;0;298915;0
0.0;0;0;298922;0
0.0;0;0;298925;0
0.287;182042;61509;298943;120533
0.945;49081;31479;298951;17602
0.14;582079;128376;298953;453703
0.272;54166;33608;298963;20558
0.193;22033;18468;298964;3565
0.0;0;0;298973;0
0.019;9083;0;298983;9083
0.243;344921;138152;299039;206769
0.0;0;0;299047;0
0.0;0;0;299099;0
0.0;0;0;299122;0
0.332;19394;13606;299133;5788
0.063;374011;83622;299136;290389
0.408;229850;59435;299155;170415
0.218;110426;44390;299160;66036
0.7;7507;6292;299172;1215
0.342;43411;22344;299180;21067
0.151;171344;66973;299200;104371
0.237;70391;43485;299205;26906
0.0;0;0;299208;0
0.226;24278;11055;299211;13223
0.33;373999;139312;299216;234687
0.0;0;0;299238;0
0.395;113853;23362;299254;90491
0.133;460846;101800;299255;359046
0.249;150769;60720;299274;90049
1.0;0;0;299279;0
0.0;0;0;299291;0
0.517;41799;38594;299293;3205
0.0;0;0;299301;0
0.0;0;0;299314;0
0.0;0;0;299319;0
0.39;335009;157478;299322;177531
0.31;31659;13721;299323;17938
0.0;0;0;299326;0
0.0;0;0;299332;0
0.509;132817;71657;299342;61160
0.0;0;0;299348;0
0.0;0;0;299359;0
0.0;0;0;299396;0
0.0;0;0;299432;0
0.079;122202;22609;299437;99593
0.0;0;0;299460;0
0.129;30896;7965;299518;22931
0.527;35030;31739;299541;3291
0.0;0;0;299551;0
0.318;132250;70946;299593;61304
0.223;221541;134862;299600;86679
0.0;0;0;299631;0
0.171;62364;23426;299636;38938
0.615;30661;27470;299645;3191
0.0;0;0;299666;0
0.415;111987;75041;299668;36946
0.458;78771;58632;299671;20139
0.282;109051;33632;299674;75419
0.583;213879;97135;299710;116744
0.012;130826;5354;299718;125472
0.277;34741;12635;299890;22106
0.345;192113;118842;299944;73271
0.433;103377;81178;299965;22199
0.213;79809;29348;299972;50461
0.384;330435;211441;299976;118994
0.223;18583;16644;299990;1939
0.41;198056;106603;300004;91453
0.251;59585;45576;300016;14009
0.039;99451;31186;300026;68265
0.0;0;0;300030;0
0.668;106008;75388;300034;30620
0.37;23133;16871;300037;6262
0.0;0;0;300043;0
1.0;32699;32677;300048;22
0.196;62037;26255;300051;35782
0.0;0;0;300126;0
0.276;50667;10321;300132;40346
0.747;6633;5922;300138;711
0.0;0;0;300146;0
0.741;94816;71154;300168;23662
0.396;718705;177324;300212;541381
0.0;0;0;300234;0
0.472;23550;18144;300273;5406
0.194;280402;131763;300297;148639
0.357;25486;21767;300299;3719
0.0;0;0;300301;0
0.434;167020;104405;300332;62615
0.0;0;0;300336;0
0.628;9531;8835;300337;696
0.096;260120;79900;300341;180220
0.848;15464;14002;300345;1462
0.371;71590;60201;300359;11389
0.219;167762;112937;300462;54825
0.477;193089;44837;300473;148252
0.897;3588;3196;300483;392
0.0;0;0;300512;0
0.236;679675;199290;300514;480385
0.262;500725;301042;300532;199683
0.281;616337;188965;300591;427372
0.0;0;0;300599;0
0.21;107068;34378;300630;72690
0.694;2617;2402;300643;215
0.374;80728;37540;300649;43188
0.0;0;0;300684;0
1.0;6413;6413;300687;0
0.368;72883;31765;300694;41118
0.181;82553;34292;300697;48261
0.609;92040;75886;300719;16154
0.196;50599;26890;300762;23709
0.376;201904;143079;300767;58825
0.34;803537;274481;300797;529056
0.318;57444;31096;300802;26348
0.721;139142;106630;300815;32512
0.0;0;0;300825;0
0.384;113302;44922;300839;68380
0.91;85263;81318;300847;3945
0.927;51468;24743;300867;26725
0.347;302835;151966;300885;150869
0.0;0;0;300901;0
0.0;0;0;300925;0
0.0;0;0;300962;0
0.565;357340;171703;300968;185637
0.319;714001;324781;300994;389220
0.0;0;0;301001;0
0.533;89850;36647;301006;53203
0.729;302254;236543;301017;65711
0.046;82525;18251;301023;64274
0.0;0;0;301026;0
0.915;23871;20744;301032;3127
0.0;0;0;301075;0
0.284;219692;92601;301093;127091
0.428;26437;21342;301115;5095
0.0;0;0;301122;0
0.12;3316;1484;301123;1832
0.36;357094;132053;301146;225041
0.0;0;0;301148;0
0.266;112218;63265;301151;48953
0.199;188757;75755;301156;113002
1.0;69676;69676;301160;0
0.243;85284;57360;301165;27924
0.159;71886;43018;301175;28868
0.0;0;0;301194;0
0.825;13003;11115;301220;1888
0.424;161322;100644;301226;60678
0.863;35052;30176;301230;4876
0.045;179383;35152;301233;144231
0.377;62529;44642;301238;17887
0.192;172380;99180;301240;73200
0.119;293922;114873;301244;179049
0.381;75114;58703;301245;16411
0.455;184041;107389;301257;76652
0.902;86103;41575;301265;44528
0.0;0;0;301271;0
0.0;0;0;301282;0
0.23;393581;108715;301285;284866
0.187;207958;98349;301289;109609
0.0;0;0;301296;0
0.846;10183;10110;301323;73
0.0;0;0;301334;0
0.0;0;0;301337;0
0.325;701547;226041;301354;475506
0.677;86289;65393;301377;20896
0.0;0;0;301379;0
0.977;7441;7516;301429;75
0.28;54969;8831;301432;46138
0.164;1233299;203380;301439;1029919
0.0;0;0;301449;0
0.192;245600;127710;301498;117890
0.256;24675;9528;301509;15147
0.0;0;0;301514;0
0.048;85773;17154;301520;68619
0.0;0;0;301564;0
0.169;119596;73741;301641;45855
0.949;114161;53813;301645;60348
0.374;253794;113890;301681;139904
0.474;94049;64403;301682;29646
0.363;26439;20806;301685;5633
0.648;23632;17634;301722;5998
0.917;14675;13439;301725;1236
0.0;0;0;301734;0
0.253;282390;146121;301739;136269
0.0;0;0;301740;0
0.401;43918;27110;301759;16808
0.532;52890;33175;301763;19715
0.578;337656;173751;301771;163905
0.287;372957;208936;301786;164021
0.0;0;0;301829;0
1.0;6082;6082;301877;0
0.149;61553;29406;301894;32147
0.254;136776;94176;301896;42600
0.406;1351155;464365;301902;886790
0.589;193254;154720;301904;38534
0.178;50168;20423;301912;29745
0.0;0;0;301918;0
0.0;0;0;301921;0
0.0;0;0;301933;0
0.0;0;0;302042;0
0.267;25760;13440;302052;12320
0.233;69598;51134;302064;18464
0.0;0;0;302069;0
0.0;0;0;302108;0
0.356;201848;123068;302117;78780
0.272;134753;76508;302119;58245
0.0;0;0;302131;0
0.0;0;0;302141;0
0.0;0;0;302154;0
0.611;23338;19209;302174;4129
0.0;0;0;302202;0
0.539;137696;47986;302218;89710
0.261;70146;18789;302222;51357
0.612;108094;29725;302226;78369
0.0;0;0;302241;0
0.576;14775;3510;302246;11265
0.436;99867;39364;302250;60503
0.3;25422;9922;302259;15500
0.668;128364;79481;302270;48883
0.392;202374;65807;302272;136567
0.0;0;0;302291;0
0.305;145219;52169;302293;93050
0.491;54607;43803;302295;10804
0.287;500133;123337;302296;376796
0.415;135033;79415;302307;55618
0.242;296062;111702;302323;184360
0.466;20112;14771;302345;5341
0.345;122032;50111;302347;71921
0.286;674436;264313;302349;410123
0.256;86162;23711;302352;62451
0.481;66502;52947;302364;13555
0.15;521752;153077;302381;368675
0.259;84963;33067;302387;51896
1.0;7361;7361;302389;0
0.674;445371;293635;302397;151736
0.347;45911;24408;302409;21503
0.405;18356;8866;302413;9490
0.082;11453;7395;302418;4058
0.631;7375;7212;302425;163
0.91;130598;121154;302427;9444
0.24;55997;22097;302451;33900
0.413;482557;277514;302472;205043
1.0;63924;36528;302497;27396
0.596;22550;9614;302498;12936
0.398;263698;103033;302499;160665
0.659;92888;47725;302500;45163
0.696;7945;7209;302501;736
0.486;203283;124826;302546;78457
0.242;396864;120604;302548;276260
0.271;11786;3627;302562;8159
0.587;14642;13272;302569;1370
0.082;115302;19049;302576;96253
0.455;377433;214296;302587;163137
0.448;85596;38107;302588;47489
0.536;117202;75496;302593;41706
0.03;6674;4942;302595;1732
0.441;40022;29309;302597;10713
0.351;683042;197446;302606;485596
0.282;82545;27909;302613;54636
0.296;65346;47050;302621;18296
0.264;197699;105587;302647;92112
0.242;80983;36478;302658;44505
0.8;2991;2352;302661;639
0.191;147611;74243;302682;73368
0.524;69492;52482;302700;17010
0.586;26821;19926;302753;6895
0.497;100183;69611;302764;30572
0.0;0;0;302765;0
0.29;377821;231983;302774;145838
0.0;0;0;302781;0
0.0;0;0;302782;0
0.27;196947;72531;302783;124416
0.195;45466;24759;302786;20707
0.291;51678;13250;302789;38428
0.415;38619;18563;302793;20056
0.335;437152;215936;302805;221216
0.332;250108;117486;302816;132622
0.629;11510;8191;302823;3319
0.0;0;0;302824;0
0.0;0;0;302836;0
0.0;0;0;302846;0
0.955;4224;3704;302865;520
0.719;27849;15159;302869;12690
1.0;0;0;302893;0
0.137;28459;16088;302916;12371
0.733;35419;29772;302920;5647
0.469;21475;19113;302926;2362
0.158;67256;15242;302928;52014
0.258;92679;48524;302929;44155
0.409;68177;55565;302933;12612
0.603;110745;92763;302934;17982
0.528;94553;58845;302936;35708
0.532;30956;17655;302948;13301
0.0;0;0;302954;0
0.527;67016;39313;302959;27703
0.63;57747;52701;302976;5046
0.0;0;0;302982;0
0.259;38144;30553;302984;7591
0.244;169012;104617;302995;64395
0.259;293774;112985;302998;180789
0.411;113284;57177;303001;56107
0.292;47859;40021;303004;7838
0.484;233019;187711;303014;45308
0.441;62728;43133;303019;19595
0.639;62742;50181;303020;12561
0.529;126719;80497;303026;46222
0.276;203815;75617;303028;128198
0.408;108646;81278;303043;27368
0.0;0;0;303045;0
0.388;40028;26684;303047;13344
0.466;147392;117738;303055;29654
0.121;171010;56522;303062;114488
0.339;728435;214439;303070;513996
0.322;905723;216303;303072;689420
0.31;359129;176767;303073;182362
0.726;17403;15042;303078;2361
0.425;50396;40071;303086;10325
0.667;20657;12416;303096;8241
0.608;32183;28539;303107;3644
0.417;135499;77762;303118;57737
0.616;64389;52916;303119;11473
0.206;47695;26894;303146;20801
1.0;3255;3255;303158;0
0.217;252738;132768;303164;119970
0.238;6994;1877;303168;5117
0.257;90905;60163;303172;30742
0.373;384128;196940;303186;187188
0.895;6289;6231;303188;58
0.31;13581;3885;303192;9696
0.173;56512;23201;303201;33311
0.373;327182;177973;303204;149209
0.252;248144;100904;303205;147240
0.227;2366;2252;303210;114
0.383;310817;134552;303211;176265
0.35;277180;135906;303213;141274
0.917;8469;8375;303220;94
0.101;38260;16548;303232;21712
0.0;0;0;303241;0
0.684;4616;4415;303248;201
0.524;208538;147877;303251;60661
0.217;143426;79033;303258;64393
0.0;0;0;303262;0
0.222;92735;17016;303268;75719
0.408;133530;105728;303270;27802
0.163;311978;122723;303273;189255
0.221;16405;14522;303280;1883
0.037;15954;13817;303289;2137
0.304;194162;109715;303292;84447
0.0;0;0;303294;0
0.422;157972;108543;303305;49429
0.5;65390;40113;303308;25277
0.0;0;0;303370;0
0.226;376320;104231;303395;272089
0.0;0;0;303396;0
0.0;0;0;303406;0
0.127;82832;36168;303412;46664
0.313;23136;16621;303414;6515
0.407;72023;59154;303418;12869
0.484;26661;19750;303424;6911
0.639;57547;52152;303428;5395
0.134;26956;19863;303431;7093
0.185;59643;27337;303473;32306
0.434;94723;82226;303489;12497
0.0;0;0;303498;0
0.648;18296;8389;303506;9907
0.089;14502;11347;303508;3155
0.841;7550;7320;303510;230
0.388;41039;31803;303520;9236
0.148;166862;73420;303523;93442
0.608;12652;10073;303543;2579
0.142;64215;42762;303593;21453
0.78;26901;22840;303595;4061
0.226;236824;66153;303598;170671
0.102;660738;167067;303599;493671
0.567;3416;3331;303627;85
0.0;0;0;303639;0
0.0;0;0;303654;0
0.879;14714;11506;303657;3208
0.0;0;0;303676;0
0.325;562140;212139;303681;350001
0.447;132811;97692;303686;35119
0.833;11253;7056;303692;4197
0.0;0;0;303695;0
0.388;271915;159748;303723;112167
0.34;256798;116796;303729;140002
0.405;400836;149384;303731;251452
0.0;0;0;303732;0
0.538;45918;17412;303733;28506
0.0;0;0;303738;0
0.05;105765;23198;303740;82567
0.388;67440;54275;303742;13165
0.0;0;0;303753;0
0.338;524798;207043;303755;317755
0.0;0;0;303778;0
0.0;0;0;303782;0
0.568;76942;47900;303792;29042
0.6;14085;8983;303839;5102
0.221;591724;71366;303842;520358
0.205;45951;15588;303871;30363
0.224;158937;62291;303880;96646
0.402;428786;233903;303915;194883
0.953;4458;4642;303917;184
0.0;0;0;303923;0
0.092;348030;113171;303932;234859
0.347;346320;153806;303941;192514
0.364;530326;230932;303942;299394
0.0;0;0;303945;0
0.184;483374;141006;303948;342368
0.0;0;0;303952;0
0.32;259063;131281;303954;127782
0.223;103127;37117;303989;66010
0.0;0;0;304000;0
0.215;61890;33782;304003;28108
0.0;0;0;304015;0
0.736;40758;36047;304031;4711
0.0;0;0;304063;0
0.266;122450;58386;304064;64064
0.255;224980;108067;304075;116913
0.141;118066;58853;304106;59213
0.365;82691;38440;304118;44251
0.271;245637;69254;304130;176383
0.129;184447;80746;304158;103701
0.03;10595;0;304180;10595
0.0;0;0;304213;0
0.244;53689;31156;304216;22533
0.0;0;0;304221;0
0.358;264022;116364;304231;147658
0.225;217680;67953;304242;149727
0.168;272268;80633;304253;191635
1.0;0;0;304254;0
0.34;343026;177550;304256;165476
0.413;186659;113310;304271;73349
0.17;72889;35395;304280;37494
0.229;213757;114440;304283;99317
0.554;60960;46541;304284;14419
0.143;635169;213597;304285;421572
0.0;0;0;304297;0
0.079;246278;40336;304305;205942
0.262;202013;88192;304314;113821
0.389;47213;28440;304331;18773
1.0;0;0;304336;0
0.262;355749;100420;304341;255329
0.395;146545;76556;304379;69989
0.0;0;0;304405;0
0.089;290863;42151;304423;248712
0.567;127657;84701;304440;42956
0.276;58317;12109;304460;46208
0.298;135420;38440;304503;96980
1.0;1550;775;304517;775
0.063;41021;12054;304522;28967
0.0;0;0;304528;0
0.55;19405;16053;304568;3352
0.126;45902;26197;304596;19705
0.247;314405;161361;304599;153044
0.437;249006;104745;304618;144261
0.0;0;0;304631;0
0.715;69385;54103;304632;15282
0.89;101304;86264;304633;15040
0.302;659291;258192;304640;401099
0.141;372562;105325;304658;267237
0.491;33721;15464;304668;18257
0.288;38106;18997;304688;19109
0.0;0;0;304702;0
0.058;54399;12869;304710;41530
0.042;61250;19857;304743;41393
0.271;59154;22711;304825;36443
0.307;160028;95600;304827;64428
0.0;0;0;304828;0
0.412;86195;56510;304842;29685
0.0;0;0;304862;0
0.024;75900;31720;304865;44180
0.426;10554;7206;304868;3348
0.448;97249;72255;304869;24994
0.332;88921;64409;304872;24512
0.0;0;0;304873;0
0.0;0;0;304887;0
0.531;163657;99454;304902;64203
0.117;8579;2233;304905;6346
0.031;65333;3101;304907;62232
0.391;88605;47858;304920;40747
0.334;272677;127383;304934;145294
0.0;0;0;304939;0
0.0;0;0;304943;0
0.306;178951;58976;304945;119975
0.419;130968;86535;304951;44433
0.209;117896;50963;304952;66933
0.0;0;0;304963;0
0.0;0;0;304974;0
0.564;130386;95524;304978;34862
0.0;0;0;304984;0
0.0;0;0;304991;0
0.622;40230;30043;305006;10187
0.719;78248;47410;305046;30838
0.863;17151;9106;305051;8045
0.285;162882;96017;305054;66865
0.163;13030;10628;305086;2402
0.0;0;0;305103;0
0.0;0;0;305114;0
0.583;162294;84367;305125;77927
0.222;20969;10408;305137;10561
0.0;0;0;305156;0
0.613;53848;32780;305193;21068
1.0;5807;5807;305255;0
0.316;60458;24555;305257;35903
0.307;17561;12445;305259;5116
0.231;285736;90499;305281;195237
0.369;162073;93329;305311;68744
0.0;0;0;305474;0
0.387;104258;69060;305511;35198
0.495;95983;74838;305541;21145
0.239;133590;59912;305543;73678
0.081;73056;18120;305559;54936
1.0;6616;6616;305560;0
0.839;56767;44930;305574;11837
0.0;0;0;305598;0
0.25;160692;102779;305605;57913
0.0;0;0;305617;0
0.0;0;0;305714;0
0.377;59048;22991;305784;36057
0.495;12555;6030;305809;6525
0.25;281045;88516;305834;192529
0.512;35548;21316;305882;14232
0.376;21484;10497;305941;10987
0.039;9788;3643;305972;6145
0.465;115029;55343;305977;59686
0.526;203579;114291;305998;89288
0.645;67931;62189;306008;5742
0.714;97618;91784;306020;5834
0.0;0;0;306021;0
0.38;80977;61325;306022;19652
0.444;433875;104326;306025;329549
0.134;26859;13499;306033;13360
0.0;0;0;306058;0
0.338;151937;116647;306063;35290
0.243;362160;110180;306065;251980
1.0;0;0;306073;0
1.0;7043;7042;306084;1
0.5;680;734;306099;54
0.366;56611;42106;306140;14505
0.418;13683;7750;306147;5933
1.0;18788;18788;306160;0
0.441;155763;66638;306162;89125
0.0;0;0;306175;0
0.0;0;0;306180;0
0.0;0;0;306236;0
0.719;41068;36269;306275;4799
0.325;686733;345550;306280;341183
0.638;28287;15516;306284;12771
0.348;49910;38373;306289;11537
0.0;0;0;306295;0
0.353;216863;133683;306304;83180
0.167;8244;4840;306305;3404
0.341;169627;56022;306316;113605
1.0;2969;2969;306377;0
0.521;33518;26536;306379;6982
0.946;3828;3553;306398;275
0.84;81336;50083;306418;31253
0.198;88235;41333;306425;46902
0.281;158402;50414;306457;107988
0.221;36903;21037;306491;15866
0.408;78242;59442;306500;18800
0.06;125757;35017;306501;90740
0.52;126466;68260;306507;58206
0.344;4790;827;306524;3963
0.0;0;0;306529;0
0.12;454174;76113;306537;378061
0.0;0;0;306550;0
0.0;0;0;306618;0
0.222;108019;61189;306628;46830
0.193;149286;58388;306644;90898
0.375;127694;69225;306712;58469
0.0;0;0;306748;0
0.278;252781;93500;306763;159281
0.437;23350;18310;306766;5040
0.132;128073;40934;306783;87139
0.325;126839;63763;306785;63076
0.37;30587;21856;306788;8731
0.194;59973;21480;306825;38493
0.0;0;0;306826;0
0.0;0;0;306841;0
0.242;207434;82704;306847;124730
0.0;0;0;306850;0
0.226;759770;264174;306865;495596
0.0;0;0;306888;0
0.0;0;0;306895;0
1.0;2345;2345;306901;0
0.178;64748;14005;306912;50743
0.747;6633;5922;306918;711
0.532;44337;26491;306924;17846
0.751;67790;54432;306929;13358
0.35;37241;32126;306934;5115
0.0;0;0;306952;0
0.32;1116138;312176;306957;803962
0.088;6096;648;306962;5448
0.255;79397;46290;306968;33107
0.0;0;0;306971;0
0.134;645839;115098;306975;530741
0.176;398854;117606;306982;281248
0.023;70325;31720;306988;38605
0.105;274072;36144;306989;237928
0.5;346;0;306995;346
0.0;0;0;307000;0
0.946;6811;6094;307064;717
0.0;0;0;307094;0
0.093;47625;19090;307100;28535
0.245;601279;252912;307107;348367
0.517;9351;8700;307125;651
0.309;158962;60878;307134;98084
0.131;73204;20916;307135;52288
0.0;0;0;307148;0
0.158;77380;34408;307154;42972
0.289;269529;75092;307157;194437
1.0;4456;4456;307164;0
1.0;0;0;307176;0
1.0;20563;12415;307184;8148
0.808;113778;89738;307187;24040
0.252;232135;110953;307195;121182
1.0;2018;2018;307205;0
0.0;0;0;307218;0
0.319;95326;53025;307224;42301
0.0;0;0;307243;0
0.0;0;0;307246;0
0.403;137124;106001;307346;31123
0.544;87853;64045;307353;23808
0.229;320015;106464;307357;213551
0.0;0;0;307385;0
0.322;123959;46175;307410;77784
0.0;0;0;307417;0
0.201;101189;53131;307421;48058
0.102;69537;30245;307440;39292
0.84;98400;88597;307449;9803
1.0;346;346;307450;0
0.175;193207;45866;307455;147341
0.0;0;0;307459;0
0.212;86022;58306;307478;27716
1.0;9153;9153;307480;0
0.331;68557;27228;307482;41329
0.287;352386;171701;307489;180685
0.686;17525;15272;307492;2253
0.135;227824;76668;307501;151156
0.205;49761;22248;307514;27513
0.178;545053;142451;307527;402602
0.0;0;0;307531;0
0.275;841365;253892;307544;587473
0.33;266493;118501;307548;147992
0.177;718412;110563;307549;607849
0.406;6206;2446;307553;3760
0.297;35469;9730;307643;25739
0.515;60283;40554;307671;19729
0.0;0;0;307709;0
0.0;0;0;307713;0
0.254;91463;82265;307720;9198
0.217;159779;19245;307728;140534
0.666;154314;94626;307731;59688
0.403;13536;3681;307747;9855
0.144;515312;127495;307755;387817
0.765;53639;42413;307757;11226
0.0;0;0;307768;0
0.33;68408;34749;307776;33659
0.48;13833;10284;307791;3549
0.417;45004;35951;307801;9053
1.0;1796;1796;307829;0
0.253;654623;166493;307830;488130
0.092;275822;46639;307849;229183
0.448;197444;125841;307861;71603
0.0;0;0;307875;0
0.512;137710;76674;307982;61036
0.411;92688;55594;307992;37094
0.417;111308;74276;307995;37032
0.447;65538;50518;307999;15020
0.267;87007;36230;308014;50777
1.0;2319;2319;308017;0
0.349;77189;62054;308022;15135
0.496;137662;86730;308031;50932
0.235;38303;23032;308041;15271
1.0;2054;2054;308044;0
0.177;140390;46469;308057;93921
0.0;0;0;308061;0
0.352;221734;143277;308062;78457
0.244;542713;131674;308069;411039
0.264;267833;126333;308072;141500
0.109;159396;53725;308073;105671
0.499;186376;140738;308079;45638
1.0;0;0;308092;0
0.198;10822;6522;308113;4300
0.714;48870;31605;308125;17265
0.0;0;0;308128;0
0.176;179826;79347;308161;100479
0.0;0;0;308163;0
0.0;0;0;308180;0
0.0;0;0;308181;0
0.587;70963;42558;308182;28405
0.0;0;0;308189;0
0.286;20274;13318;308199;6956
0.431;12114;11887;308210;227
0.0;0;0;308222;0
0.0;0;0;308295;0
0.235;439204;152988;308303;286216
0.263;71461;51095;308305;20366
0.036;4566;0;308315;4566
1.0;12727;12727;308336;0
0.591;26601;20387;308340;6214
0.284;26336;12300;308354;14036
0.536;70266;45238;308394;25028
0.5;18134;12434;308402;5700
0.0;0;0;308423;0
0.485;47319;35944;308429;11375
0.551;30042;16350;308434;13692
0.347;125528;63572;308447;61956
0.667;217;108;308450;109
0.956;4666;4310;308463;356
0.234;118794;77788;308469;41006
0.279;239928;89902;308473;150026
0.0;0;0;308478;0
0.087;51351;18270;308480;33081
0.0;0;0;308483;0
0.0;0;0;308492;0
0.0;0;0;308493;0
0.197;197879;62437;308501;135442
0.0;0;0;308510;0
0.0;0;0;308535;0
0.0;0;0;308550;0
0.227;647353;199591;308613;447762
0.285;369495;133488;308617;236007
0.46;112424;49914;308644;62510
0.335;156641;115477;308667;41164
0.264;201182;82894;308669;118288
0.946;73351;60387;308694;12964
0.599;219429;101910;308710;117519
0.154;127601;54891;308712;72710
0.0;0;0;308716;0
1.0;22497;7499;308727;14998
0.243;470288;145290;308798;324998
0.794;76379;70758;308806;5621
0.44;33288;24685;308814;8603
0.0;0;0;308815;0
1.0;4264;4051;308820;213
0.297;67909;51357;308830;16552
1.0;732;732;308832;0
0.056;69880;39053;308835;30827
0.089;650265;128341;308839;521924
0.044;20792;7508;308867;13284
0.303;203264;87267;308897;115997
0.406;64877;48575;308904;16302
0.507;45050;30333;308929;14717
0.493;31434;21205;308947;10229
0.39;157780;123010;308955;34770
0.173;169520;51582;308965;117938
0.0;0;0;309031;0
1.0;1487;1487;309094;0
0.104;103635;41425;309103;62210
0.603;280299;152678;309201;127621
0.632;101970;52412;309235;49558
0.361;41924;27018;309246;14906
0.327;231950;138472;309250;93478
0.139;266355;75882;309256;190473
0.0;0;0;309270;0
0.0;0;0;309277;0
0.44;274617;105011;309278;169606
0.0;0;0;309285;0
0.0;0;0;309292;0
0.201;427506;121643;309303;305863
0.224;30317;28032;309374;2285
0.306;270149;116462;309377;153687
0.0;0;0;309422;0
0.433;1099026;319303;309442;779723
0.157;65749;44086;309492;21663
0.39;141976;97472;309505;44504
0.357;238406;129125;309515;109281
0.215;432280;195595;309558;236685
0.607;281538;170406;309574;111132
0.141;26035;14719;309608;11316
0.475;77568;42861;309624;34707
0.404;129840;70207;309688;59633
0.0;0;0;309756;0
0.302;62710;19911;309763;42799
0.0;0;0;309796;0
0.386;274512;172641;309833;101871
0.21;132542;58348;309867;74194
0.0;0;0;309901;0
0.503;27026;11483;309925;15543
0.0;0;0;309975;0
0.259;556488;228747;309997;327741
0.003;186782;249;310012;186533
0.175;137975;78797;310100;59178
1.0;54693;54693;310104;0
0.0;0;0;310122;0
0.034;29596;336;310139;29260
0.518;47566;18646;310141;28920
0.094;18725;5678;310173;13047
0.332;83077;34090;310178;48987
0.335;97945;66008;310200;31937
0.0;0;0;310271;0
0.489;56090;37996;310288;18094
0.0;0;0;310339;0
0.0;0;0;310350;0
0.0;0;0;310406;0
0.225;83646;28145;310450;55501
0.168;272743;79977;310453;192766
0.0;0;0;310472;0
0.212;91930;47623;310477;44307
0.165;273490;95892;310493;177598
0.264;77914;51072;310503;26842
0.132;455737;123093;310511;332644
0.66;37846;21915;310603;15931
0.0;0;0;310769;0
0.988;142109;112069;310899;30040
0.32;382867;177157;310918;205710
0.0;0;0;310947;0
0.063;9699;7101;310979;2598
0.0;0;0;310985;0
0.0;0;0;311001;0
0.352;120755;63471;311017;57284
0.336;168687;87020;311122;81667
0.121;219477;76559;311125;142918
0.225;396732;170402;311129;226330
1.0;0;0;311148;0
0.307;141008;49040;311154;91968
0.054;141584;18976;311160;122608
0.0;0;0;311176;0
0.297;54840;39314;311182;15526
0.0;0;0;311208;0
1.0;0;0;311214;0
0.0;0;0;311240;0
0.204;94838;46893;311248;47945
0.459;29961;20370;311252;9591
0.0;0;0;311254;0
0.166;245781;134636;311256;111145
0.114;279638;89388;311262;190250
0.808;36718;33178;311264;3540
0.337;188811;133447;311271;55364
0.545;92454;66815;311272;25639
0.159;152557;62519;311273;90038
0.222;111403;35764;311274;75639
0.345;156734;47866;311275;108868
0.351;294178;136310;311276;157868
0.332;109054;50968;311280;58086
0.33;40223;31454;311282;8769
0.126;543607;204332;311288;339275
0.0;0;0;311307;0
0.112;97307;20999;311388;76308
0.0;0;0;311413;0
0.0;0;0;311439;0
0.0;0;0;311573;0
0.357;113924;32582;311585;81342
0.703;53437;44874;311667;8563
0.0;0;0;311669;0
0.0;0;0;311671;0
0.0;0;0;311676;0
0.213;770673;184663;311688;586010
0.01;48144;0;311696;48144
0.0;0;0;311701;0
0.0;0;0;311704;0
1.0;4829;4829;311762;0
1.0;32031;24119;311766;7912
0.309;968364;286482;311911;681882
0.72;16472;10892;311926;5580
0.217;127208;44239;311944;82969
0.354;7893;5977;311951;1916
0.663;26480;22802;311973;3678
0.0;0;0;311999;0
0.0;0;0;312018;0
0.233;176151;77024;312042;99127
0.116;143059;61664;312057;81395
0.395;260315;134504;312062;125811
0.327;138445;83792;312070;54653
0.108;892944;180742;312216;712202
0.135;79386;11811;312236;67575
0.0;0;0;312239;0
0.0;0;0;312250;0
0.597;55923;34358;312259;21565
0.265;131684;60031;312317;71653
0.486;40784;27905;312340;12879
0.0;0;0;312345;0
0.0;0;0;312347;0
0.0;0;0;312362;0
0.373;193249;103442;312380;89807
1.0;3117;3117;312381;0
1.0;20976;7767;312407;13209
0.077;28634;14606;312412;14028
0.222;313506;108816;312414;204690
0.254;235607;113404;312422;122203
0.068;296765;103849;312488;192916
0.182;327539;121594;312513;205945
0.174;410274;154188;312530;256086
0.279;763461;184324;312532;579137
0.0;0;0;312545;0
0.0;0;0;312571;0
0.145;135578;41031;312582;94547
0.223;295568;83778;312595;211790
0.0;0;0;312635;0
0.0;0;0;312637;0
0.0;0;0;312659;0
0.455;432284;222248;312663;210036
0.789;2026;476;312664;1550
0.082;17331;10156;312673;7175
0.313;163746;115536;312675;48210
0.6;74402;57027;312679;17375
0.769;1235;721;312709;514
0.266;19952;9328;312720;10624
0.0;0;0;312723;0
0.407;91854;77916;312727;13938
0.453;46298;28072;312729;18226
0.195;256920;80840;312765;176080
0.376;50918;23262;312770;27656
0.3;132259;90462;312782;41797
0.393;200495;82775;312789;117720
0.809;26703;20628;312795;6075
0.046;76235;34975;312797;41260
0.57;48316;42512;312805;5804
0.306;23116;16271;312817;6845
0.292;239447;87257;312820;152190
0.473;33161;24945;312826;8216
0.419;31092;21432;312848;9660
0.373;226500;155965;312853;70535
0.42;49542;37111;312867;12431
0.478;132145;70151;312884;61994
0.0;0;0;312911;0
0.0;0;0;312977;0
0.307;194557;108581;313011;85976
0.349;426345;166067;313031;260278
0.47;401394;224054;313066;177340
0.0;0;0;313075;0
0.621;21687;16560;313078;5127
0.538;100506;73120;313079;27386
0.0;0;0;313082;0
0.0;0;0;313233;0
0.345;246069;139099;313244;106970
0.803;38591;25570;313251;13021
0.0;0;0;313252;0
0.0;0;0;313256;0
0.286;463357;169061;313274;294296
0.323;210437;162656;313327;47781
0.0;0;0;313339;0
0.235;213731;121490;313348;92241
0.167;61673;34016;313367;27657
0.506;4222;4155;313375;67
0.551;77338;37302;313421;40036
0.084;46454;20426;313430;26028
0.069;25335;13896;313434;11439
0.0;0;0;313436;0
0.0;0;0;313445;0
0.0;0;0;313456;0
0.543;23679;10497;313518;13182
0.376;60690;44129;313637;16561
0.967;19547;18143;313650;1404
0.0;0;0;313715;0
0.0;0;0;313738;0
0.391;11722;8634;313780;3088
0.248;486268;223370;313822;262898
0.134;274612;78376;313841;196236
0.13;174722;58392;313861;116330
0.245;34343;21657;313862;12686
0.275;13119;10206;313882;2913
0.526;37111;20669;313918;16442
0.222;353475;168272;313926;185203
0.0;0;0;313928;0
0.677;135138;88757;313942;46381
0.0;0;0;313947;0
0.853;9547;6991;313960;2556
0.382;348793;211769;313974;137024
0.669;57173;37650;313976;19523
0.244;344943;136496;313994;208447
0.0;0;0;313997;0
0.571;79407;57235;314004;22172
0.0;0;0;314026;0
0.475;365703;253899;314028;111804
0.0;0;0;314046;0
0.177;140254;47744;314049;92510
0.581;499023;161989;314053;337034
0.25;39600;11453;314064;28147
0.0;0;0;314069;0
0.443;227305;106350;314083;120955
0.0;0;0;314103;0
0.0;0;0;314105;0
0.221;16691;11026;314118;5665
1.0;88226;86498;314119;1728
0.405;98678;69614;314132;29064
0.89;7323;6547;314134;776
0.203;382278;115105;314135;267173
0.233;54612;33910;314138;20702
0.476;74238;37757;314146;36481
0.0;0;0;314152;0
0.461;49317;41144;314174;8173
0.0;0;0;314190;0
0.381;348251;185798;314195;162453
0.061;289906;62330;314214;227576
0.298;328853;103849;314286;225004
0.15;165819;50376;314305;115443
0.254;62690;38803;314321;23887
0.0;0;0;314348;0
0.0;0;0;314366;0
0.0;0;0;314374;0
0.0;0;0;314395;0
0.232;63188;22933;314401;40255
0.0;0;0;314403;0
0.0;0;0;314419;0
0.0;0;0;314420;0
0.0;0;0;314421;0
0.0;0;0;314428;0
0.265;183910;95682;314461;88228
0.883;105830;98177;314466;7653
0.013;48372;8865;314480;39507
0.036;43217;16501;314520;26716
0.443;18119;6859;314534;11260
0.0;0;0;314581;0
0.0;0;0;314619;0
0.0;0;0;314708;0
0.335;157985;72080;314781;85905
0.537;145691;77970;314789;67721
0.0;0;0;314798;0
0.0;0;0;314831;0
0.418;59911;36011;314841;23900
0.29;880723;304538;314843;576185
1.0;1121;1121;314856;0
0.265;96425;34458;314912;61967
0.226;256245;75075;314913;181170
0.0;0;0;314914;0
0.406;526719;206056;314917;320663
0.304;814647;356756;314919;457891
0.218;139365;47051;314922;92314
0.162;591994;177516;314957;414478
0.218;813570;271857;314971;541713
0.23;316830;129179;314990;187651
0.335;156965;80753;315003;76212
0.264;122072;66853;315011;55219
0.523;260310;58967;315029;201343
0.311;22897;15870;315062;7027
0.171;41878;8319;315072;33559
0.552;24937;17702;315074;7235
0.549;104207;87650;315090;16557
0.559;5707;3155;315092;2552
0.764;123720;64634;315100;59086
0.092;146876;79970;315102;66906
0.0;0;0;315106;0
0.0;0;0;315157;0
0.172;158619;54302;315162;104317
0.18;125263;75209;315184;50054
0.139;555894;148663;315324;407231
0.0;0;0;315327;0
0.0;0;0;315402;0
0.56;105636;59427;315489;46209
0.0;0;0;315503;0
0.048;60528;24453;315519;36075
0.0;0;0;315534;0
0.0;0;0;315542;0
0.0;0;0;315547;0
0.359;73820;22009;315557;51811
0.268;427564;173405;315574;254159
0.132;256414;117245;315578;139169
0.0;0;0;315581;0
0.067;2906;0;315591;2906
0.729;26374;18357;315597;8017
1.0;10491;10491;315607;0
0.0;0;0;315610;0
1.0;8891;8891;315620;0
1.0;173;173;315622;0
0.289;282315;115448;315649;166867
0.0;0;0;315664;0
0.24;666584;161806;315671;504778
0.254;186134;76468;315712;109666
0.328;377091;259202;315718;117889
0.101;85246;18165;315799;67081
0.0;0;0;315824;0
0.553;42780;22658;315847;20122
0.034;9227;5698;315864;3529
0.068;117894;39345;315894;78549
0.632;173673;72890;315895;100783
0.147;202006;69964;315898;132042
0.806;110856;80260;315906;30596
0.523;64791;49519;315915;15272
0.761;46513;43939;315925;2574
0.23;212109;81586;315933;130523
1.0;1870;1870;315938;0
0.127;197168;21009;315943;176159
0.306;92835;69265;315949;23570
0.241;203682;109641;315954;94041
0.301;1240442;445472;315957;794970
0.439;643021;247076;315960;395945
0.439;210797;152420;315983;58377
0.421;229721;137281;315987;92440
0.698;82834;58687;315996;24147
0.245;21786;16714;315999;5072
0.342;75140;23873;316002;51267
0.671;80186;53956;316003;26230
0.162;451122;100299;316015;350823
0.144;158885;55814;316016;103071
0.0;0;0;316017;0
0.627;11512;9468;316018;2044
0.214;14596;10141;316073;4455
0.166;8231;5846;316077;2385
0.246;285140;155525;316088;129615
0.39;136048;87879;316103;48169
0.939;36806;29998;316122;6808
0.413;506738;272919;316127;233819
0.278;105744;51098;316139;54646
0.296;91720;50232;316145;41488
0.671;44152;26983;316166;17169
0.0;0;0;316174;0
0.236;77702;41590;316195;36112
0.206;412991;132152;316220;280839
0.226;56119;21001;316225;35118
0.183;82990;17379;316230;65611
0.225;170219;44160;316236;126059
0.095;216982;76064;316238;140918
0.481;182522;99584;316249;82938
0.41;291784;188827;316318;102957
0.683;91369;52917;316322;38452
0.077;49213;3896;316326;45317
0.407;383516;167854;316331;215662
0.184;80745;19474;316335;61271
0.072;101252;32111;316340;69141
0.1;83874;24676;316344;59198
0.367;134083;63481;316353;70602
0.075;44751;18943;316355;25808
0.0;0;0;316362;0
0.145;71940;18865;316368;53075
0.0;0;0;316378;0
0.504;96045;65564;316389;30481
1.0;704;704;316393;0
0.0;0;0;316414;0
0.0;0;0;316437;0
0.275;420008;176644;316456;243364
0.0;0;0;316490;0
0.013;22203;0;316497;22203
0.0;0;0;316576;0
1.0;0;0;316604;0
0.268;368583;92257;316615;276326
1.0;0;0;316620;0
0.161;350054;78092;316628;271962
0.363;153775;79981;316631;73794
0.592;128788;54590;316635;74198
0.451;342239;166233;316638;176006
0.584;128422;92959;316647;35463
0.0;0;0;316703;0
0.596;11453;6260;316713;5193
0.487;3590;2644;316755;946
0.093;236672;55242;316803;181430
0.455;74308;29911;316804;44397
0.071;11933;4634;316839;7299
0.0;0;0;316841;0
0.537;197018;99831;316863;97187
0.415;68064;31209;316907;36855
0.384;111691;74065;316913;37626
0.085;92089;39563;316920;52526
0.0;0;0;316921;0
0.576;150138;83036;316925;67102
0.311;106501;66390;316930;40111
0.053;423978;186356;316933;237622
0.264;27403;14541;316947;12862
0.601;55670;40718;316957;14952
0.238;173169;77052;316987;96117
0.171;393517;84639;317038;308878
0.0;0;0;317053;0
0.438;38612;29106;317071;9506
0.555;77830;38452;317093;39378
0.0;0;0;317102;0
0.032;163241;31281;317126;131960
0.305;741170;307620;317129;433550
0.592;177705;106959;317157;70746
0.0;0;0;317183;0
0.256;93627;32912;317191;60715
0.412;115089;54944;317211;60145
0.0;0;0;317246;0
0.278;125555;68543;317253;57012
0.46;46857;39619;317258;7238
0.331;92732;35019;317304;57713
0.0;0;0;317309;0
0.179;76958;26731;317317;50227
0.324;66337;20494;317333;45843
0.533;4479;3543;317334;936
0.267;212516;112355;317346;100161
0.905;114241;103646;317354;10595
0.439;250441;114056;317375;136385
0.061;156275;57459;317381;98816
0.619;59826;48763;317384;11063
0.166;311860;71418;317418;240442
0.045;107468;27795;317444;79673
0.0;0;0;317448;0
0.071;86585;23932;317457;62653
0.283;278100;143139;317460;134961
0.263;69601;31930;317481;37671
0.313;272702;128765;317485;143937
0.692;18375;15329;317495;3046
0.309;12368;11416;317500;952
0.0;0;0;317513;0
1.0;301;301;317525;0
0.23;250775;94713;317566;156062
0.72;67457;51662;317576;15795
0.088;273873;54213;317609;219660
0.666;37232;32524;317624;4708
0.0;0;0;317697;0
0.0;0;0;317747;0
0.0;0;0;317782;0
0.333;588;0;317786;588
0.146;189802;63153;317795;126649
0.0;0;0;317876;0
0.181;18616;7032;317956;11584
0.875;520;429;317991;91
0.748;80252;48644;318034;31608
0.189;202482;94902;318065;107580
0.252;168260;78958;318117;89302
0.0;0;0;318184;0
0.505;20722;11916;318200;8806
0.378;453793;220412;318269;233381
0.113;6787;5475;318297;1312
0.297;649948;289713;318372;360235
0.162;196472;69710;318407;126762
0.65;131119;71043;318442;60076
0.254;55671;39001;318454;16670
0.512;116344;87337;318455;29007
0.354;669144;165490;318469;503654
0.092;125082;27660;318590;97422
0.101;105232;24756;318615;80476
0.3;80419;49426;318627;30993
0.0;0;0;318647;0
0.0;0;0;318704;0
0.0;0;0;318716;0
0.0;0;0;318720;0
0.0;0;0;318763;0
0.623;11182;6616;318764;4566
0.0;0;0;318784;0
0.778;37291;22080;318786;15211
0.336;285937;154000;318798;131937
0.34;91877;52140;318805;39737
0.26;197012;138746;318814;58266
0.582;3594;3246;318844;348
0.116;426413;102226;318850;324187
0.0;0;0;318948;0
0.104;506720;116640;318965;390080
0.0;0;0;318972;0
0.281;163386;71939;318973;91447
0.226;106896;45814;318977;61082
0.391;701308;205748;319002;495560
0.374;122965;100397;319004;22568
0.0;0;0;319013;0
0.417;41667;21501;319041;20166
0.0;0;0;319042;0
0.169;234912;78643;319046;156269
0.807;6428;4822;319049;1606
0.446;147561;119256;319050;28305
0.0;0;0;319054;0
0.19;135437;57664;319058;77773
0.0;0;0;319061;0
0.0;0;0;319062;0
0.59;490381;199328;319084;291053
0.0;0;0;319165;0
0.903;8564;5535;319243;3029
0.323;5863;5636;319259;227
0.0;0;0;319272;0
1.0;9132;4566;319285;4566
0.382;123659;79886;319290;43773
0.103;121288;28791;319299;92497
0.097;60629;19907;319300;40722
0.0;0;0;319316;0
0.276;324372;103553;319373;220819
0.756;4985;4365;319378;620
0.241;363092;121273;319396;241819
0.683;89254;54937;319406;34317
0.475;150413;85137;319413;65276
0.327;421359;119437;319450;301922
0.64;296771;125342;319454;171429
0.275;322374;123359;319463;199015
0.221;25581;13595;319471;11986
0.172;1030086;238539;319502;791547
0.349;117060;61048;319515;56012
0.31;19827;14221;319519;5606
0.618;47056;33074;319531;13982
0.195;337451;115012;319558;222439
0.349;232553;126233;319568;106320
0.378;19700;12011;319570;7689
0.306;181150;73779;319571;107371
0.0;0;0;319576;0
0.371;226683;93529;319579;133154
0.369;1040038;397740;319596;642298
0.146;400581;79115;319602;321466
0.532;103295;54701;319608;48594
0.552;168404;127462;319631;40942
0.0;0;0;319637;0
0.288;351328;153939;319640;197389
0.0;0;0;319641;0
0.443;169623;133091;319925;36532
0.531;7544;2978;319932;4566
0.0;0;0;319978;0
0.376;141844;115308;319992;26536
0.307;445708;200644;319998;245064
1.0;77827;64409;320000;13418
0.088;113275;29589;320003;83686
0.261;79152;47729;320060;31423
0.0;0;0;320063;0
0.217;514331;304257;320070;210074
0.211;359856;148961;320080;210895
1.0;6827;6827;320090;0
0.082;86372;25977;320136;60395
0.365;320015;143071;320143;176944
0.0;0;0;320188;0
0.305;7533;4673;320195;2860
0.202;4610;4493;320205;117
0.198;310853;139923;320211;170930
0.175;101403;41946;320212;59457
0.0;0;0;320398;0
0.027;33675;10717;320405;22958
0.0;0;0;320409;0
0.0;0;0;320412;0
0.66;41932;36729;320418;5203
0.0;0;0;320420;0
0.486;48893;44269;320429;4624
0.252;272825;117674;320434;155151
0.0;0;0;320436;0
0.0;0;0;320441;0
0.0;0;0;320486;0
0.0;0;0;320529;0
1.0;22059;19239;320560;2820
0.794;22402;15283;320580;7119
0.739;22850;19265;320598;3585
0.0;0;0;320605;0
0.501;58537;24477;320617;34060
0.281;679051;275785;320650;403266
0.0;0;0;320664;0
0.211;1318180;353658;320668;964522
0.0;0;0;320670;0
0.023;35274;8711;320686;26563
0.247;28307;8758;320687;19549
0.063;68747;17541;320696;51206
0.0;0;0;320716;0
0.254;52701;23369;320739;29332
0.0;0;0;320746;0
0.0;0;0;320874;0
0.114;17509;10528;320912;6981
0.0;0;0;320929;0
0.0;0;0;320944;0
0.0;0;0;320951;0
0.33;226847;84957;320968;141890
0.663;112076;93752;321006;18324
0.011;20456;5053;321024;15403
0.299;480271;145301;321028;334970
0.397;21321;8695;321034;12626
0.232;458695;151862;321047;306833
0.189;80418;34143;321057;46275
0.17;73432;30703;321063;42729
0.637;125784;77573;321072;48211
0.312;136053;61336;321076;74717
0.722;121827;92799;321088;29028
0.0;0;0;321090;0
0.358;63882;49964;321092;13918
0.341;103676;54212;321109;49464
0.559;21775;20539;321126;1236
0.233;645443;185224;321134;460219
0.248;24401;6296;321143;18105
0.112;280759;96100;321145;184659
0.249;164149;92343;321148;71806
0.554;104502;33842;321166;70660
0.471;73204;42352;321264;30852
0.0;0;0;321315;0
0.101;465566;91018;321319;374548
0.72;43781;30897;321338;12884
0.497;223645;103399;321367;120246
0.0;0;0;321371;0
0.434;154326;88106;321381;66220
0.658;43359;15288;321394;28071
0.193;35788;21282;321397;14506
0.699;74504;49935;321413;24569
0.325;154531;74147;321414;80384
0.694;148361;114761;321417;33600
0.708;36652;22848;321437;13804
0.986;34191;18147;321441;16044
0.34;45996;31416;321491;14580
0.318;285626;145758;321514;139868
0.113;51460;10237;321535;41223
0.037;62816;14668;321543;48148
0.0;0;0;321551;0
0.0;0;0;321561;0
0.156;27854;18095;321591;9759
0.0;0;0;321608;0
0.293;60355;48561;321646;11794
0.332;197963;104269;321871;93694
0.0;0;0;321883;0
0.0;0;0;321921;0
0.289;13263;10801;321965;2462
0.04;68074;13072;322002;55002
0.486;93773;68164;322038;25609
0.422;127121;69749;322094;57372
0.426;479708;186970;322136;292738
0.391;89443;38612;322146;50831
0.588;74916;42090;322157;32826
0.329;33879;15637;322159;18242
0.352;350268;167541;322161;182727
0.422;81465;43471;322173;37994
0.02;44232;6443;322190;37789
0.0;0;0;322203;0
0.0;0;0;322251;0
0.0;0;0;322289;0
0.165;4845;3834;322322;1011
0.735;38120;16604;322330;21516
1.0;6991;6991;322361;0
0.103;176731;37441;322370;139290
0.0;0;0;322410;0
0.243;410209;125686;322426;284523
0.698;43578;33274;322453;10304
0.063;75114;18426;322463;56688
0.419;193961;158001;322470;35960
0.0;0;0;322472;0
0.0;0;0;322476;0
0.0;0;0;322481;0
0.339;102992;34442;322505;68550
0.811;49979;33997;322516;15982
0.097;107626;19676;322546;87950
0.354;170582;92758;322562;77824
0.0;0;0;322575;0
0.0;0;0;322600;0
0.33;472510;150115;322617;322395
0.0;0;0;322630;0
0.0;0;0;322720;0
0.114;150196;66035;322724;84161
0.0;0;0;322761;0
0.445;64179;49278;322775;14901
0.064;6082;3719;322813;2363
0.0;0;0;322837;0
0.0;0;0;322886;0
0.105;3328;346;322893;2982
0.231;108847;43279;322898;65568
0.0;0;0;323113;0
0.0;0;0;323138;0
0.311;174040;47455;323145;126585
0.133;601434;158456;323154;442978
0.331;169425;48424;323166;121001
0.0;0;0;323184;0
0.274;38069;29386;323192;8683
1.0;19563;11587;323193;7976
0.0;0;0;323203;0
0.0;0;0;323208;0
0.812;71423;56810;323211;14613
0.65;13024;12005;323214;1019
0.0;0;0;323228;0
0.0;0;0;323239;0
0.457;69406;47300;323246;22106
0.0;0;0;323259;0
1.0;826;826;323267;0
0.203;368678;181311;323296;187367
0.0;0;0;323305;0
0.063;561849;94243;323307;467606
0.364;11797;1329;323312;10468
0.926;3365;2632;323318;733
0.0;0;0;323373;0
0.0;0;0;323401;0
0.0;0;0;323468;0
0.163;300778;103909;323470;196869
0.0;0;0;323473;0
0.0;0;0;323484;0
0.22;600324;131194;323495;469130
1.0;4257;2961;323501;1296
0.826;113172;63585;323508;49587
0.385;102111;62614;323514;39497
0.423;216427;71386;323515;145041
0.639;101608;62372;323523;39236
0.0;0;0;323572;0
0.399;56782;47445;323587;9337
0.0;0;0;323635;0
0.688;45797;26351;323645;19446
0.344;180272;90689;323735;89583
0.443;28497;18186;323780;10311
0.332;104843;50655;323785;54188
0.425;84126;61533;323799;22593
0.036;4566;0;323836;4566
0.65;29457;19296;323837;10161
0.375;177941;92845;323846;85096
0.513;52297;32448;323857;19849
0.562;29692;14761;323859;14931
0.46;167080;89499;323877;77581
0.19;442588;152222;323891;290366
0.25;103264;72556;323990;30708
1.0;0;0;324019;0
0.247;19776;10175;324021;9601
0.166;153175;48476;324029;104699
0.389;133950;84380;324056;49570
0.393;23249;11122;324058;12127
0.121;263167;63705;324059;199462
0.048;254072;40587;324080;213485
0.282;204756;128135;324082;76621
0.0;0;0;324092;0
0.122;361216;95245;324104;265971
0.843;19999;18685;324125;1314
0.463;36139;23254;324131;12885
1.0;31348;31348;324151;0
0.384;42095;21906;324160;20189
0.449;14004;13254;324263;750
0.45;129578;104158;324264;25420
0.33;111370;46890;324280;64480
0.273;17738;10240;324281;7498
0.203;173488;54002;324295;119486
0.313;99264;57183;324310;42081
0.463;260072;111082;324314;148990
0.0;0;0;324320;0
0.266;187100;105906;324328;81194
0.584;24843;14758;324336;10085
0.194;258409;75020;324337;183389
0.181;70010;29719;324338;40291
0.587;371961;122475;324344;249486
0.312;54363;31907;324352;22456
0.422;147153;122115;324375;25038
0.37;434691;193098;324380;241593
0.567;152108;107876;324383;44232
0.275;156595;84503;324393;72092
0.0;0;0;324425;0
0.388;313667;178689;324441;134978
0.079;115022;34911;324466;80111
0.29;138831;49769;324468;89062
0.071;109505;25387;324474;84118
0.495;1611428;573649;324484;1037779
0.291;149564;96021;324536;53543
0.0;0;0;324539;0
0.232;45395;25670;324589;19725
0.0;0;0;324593;0
0.799;166082;134175;324649;31907
0.247;165748;85491;324668;80257
0.632;2572;2021;324672;551
0.46;416790;187861;324681;228929
0.475;110989;60805;324694;50184
0.41;58280;35132;324705;23148
0.355;247745;145787;324711;101958
0.326;256747;110141;324734;146606
0.0;0;0;324751;0
0.0;0;0;324783;0
0.259;131260;51483;324793;79777
0.0;0;0;324810;0
0.0;0;0;324860;0
0.0;0;0;324876;0
0.089;311577;94281;324887;217296
0.259;1155621;371458;324889;784163
0.0;0;0;324903;0
0.0;0;0;324906;0
1.0;17719;17719;324910;0
0.0;0;0;324913;0
0.0;0;0;324929;0
0.0;0;0;324935;0
0.036;13698;0;324936;13698
0.0;0;0;325004;0
0.621;38754;17896;325018;20858
0.065;71296;27621;325063;43675
0.46;56974;50844;325067;6130
1.0;34009;33663;325090;346
0.345;192533;55479;325105;137054
0.03;139698;38999;325120;100699
0.336;11296;5660;325122;5636
0.526;292072;191357;325136;100715
0.549;34139;31250;325140;2889
0.152;525219;123871;325154;401348
0.0;0;0;325207;0
0.0;0;0;325216;0
0.495;51647;19734;325239;31913
0.334;273434;109357;325294;164077
0.257;227041;108121;325305;118920
0.172;101346;44489;325329;56857
0.0;0;0;325484;0
0.099;55314;17149;325501;38165
0.09;146179;38451;325521;107728
0.762;60558;43119;325524;17439
0.0;0;0;325531;0
0.0;0;0;325592;0
0.824;23898;20718;325650;3180
0.303;68995;46805;325670;22190
0.2;12107;7893;325676;4214
0.071;69936;21880;325720;48056
0.181;215018;71191;325744;143827
0.0;0;0;325750;0
0.104;30132;15277;325816;14855
0.823;9341;8444;325844;897
0.0;0;0;325886;0
0.0;0;0;325938;0
0.0;0;0;325957;0
0.0;0;0;325959;0
0.108;196289;65134;325960;131155
0.516;24863;18402;325968;6461
0.0;0;0;325969;0
0.667;4325;3251;325974;1074
1.0;3106;3106;325985;0
0.915;23871;20744;326007;3127
0.127;52227;12398;326008;39829
0.0;0;0;326011;0
0.482;43220;16688;326021;26532
0.0;0;0;326057;0
0.0;0;0;326071;0
0.08;52778;20426;326077;32352
0.54;90127;71022;326088;19105
0.0;0;0;326107;0
0.0;0;0;326115;0
0.452;244903;100798;326118;144105
0.753;29166;24513;326141;4653
0.217;22229;17386;326197;4843
0.298;419979;216979;326243;203000
0.176;49646;16094;326280;33552
0.97;9044;8445;326294;599
0.0;0;0;326340;0
0.0;0;0;326349;0
0.203;300127;164624;326363;135503
0.262;38087;16189;326393;21898
0.0;0;0;326438;0
0.255;23201;13190;326445;10011
0.067;596109;112360;326454;483749
0.159;122296;28229;326462;94067
0.0;0;0;326467;0
0.0;0;0;326471;0
0.0;0;0;326486;0
0.192;132480;44982;326490;87498
0.0;0;0;326505;0
0.0;0;0;326519;0
0.116;115498;27963;326530;87535
0.0;0;0;326537;0
0.205;1273;1142;326635;131
0.0;0;0;326663;0
0.865;21180;5883;326691;15297
0.0;0;0;327011;0
0.51;66113;27713;327021;38400
0.197;122515;57008;327022;65507
0.321;111892;47563;327051;64329
0.14;266424;113467;327098;152957
0.625;90490;76334;327118;14156
0.004;55891;0;327146;55891
0.0;0;0;327155;0
0.0;0;0;327177;0
0.214;314427;112842;327202;201585
0.985;8276;8143;327208;133
0.475;92397;62171;327213;30226
0.0;0;0;327241;0
0.399;69417;59230;327289;10187
0.0;0;0;327297;0
0.618;13781;8474;327398;5307
0.254;85046;30143;327460;54903
0.256;44243;29106;327538;15137
0.0;0;0;327690;0
0.0;0;0;327785;0
0.328;647668;202497;327916;445171
0.25;5194;3346;327946;1848
0.0;0;0;327951;0
0.0;0;0;327986;0
0.079;324106;53025;327989;271081
0.185;207153;75545;328004;131608
1.0;13132;5764;328009;7368
0.0;0;0;328011;0
1.0;1557;1211;328055;346
0.0;0;0;328060;0
0.927;49040;33234;328061;15806
0.323;90623;62524;328067;28099
1.0;4020;3674;328069;346
0.195;247251;87308;328156;159943
0.0;0;0;328177;0
0.191;180162;59218;328231;120944
0.156;15965;14049;328240;1916
0.0;0;0;328245;0
0.028;34783;9482;328250;25301
0.0;0;0;328284;0
0.296;689231;151272;328343;537959
0.0;0;0;328436;0
0.0;0;0;328674;0
0.228;46190;10201;328897;35989
1.0;0;0;328900;0
1.0;1870;1870;328904;0
0.987;10485;10463;328908;22
0.148;112707;53765;329011;58942
0.758;13692;7076;329018;6616
0.362;101929;44696;329028;57233
0.0;0;0;329270;0
0.375;95804;85229;329330;10575
0.301;163959;83427;329351;80532
0.511;107034;72581;329355;34453
0.429;359498;178074;329395;181424
0.37;14082;5376;329421;8706
1.0;82190;62110;329525;20080
0.045;77781;15916;329546;61865
0.589;82194;43372;329572;38822
0.065;4000;3136;329581;864
0.288;32380;16850;329591;15530
0.41;7286;6115;329631;1171
0.0;0;0;329679;0
0.743;21816;19739;329695;2077
0.894;346131;213208;329699;132923
0.381;176663;76103;329708;100560
0.383;48585;20133;329729;28452
0.237;221688;97235;329746;124453
0.0;0;0;329763;0
0.314;6826;4128;329766;2698
0.365;48163;9908;329777;38255
0.266;31680;8034;329780;23646
0.355;330913;155505;329786;175408
0.542;29222;13764;329837;15458
0.147;158962;60810;329876;98152
0.545;271084;227220;329877;43864
0.135;307988;71956;329881;236032
0.994;139195;111652;329902;27543
0.592;112784;83189;329904;29595
0.0;0;0;329938;0
0.0;0;0;330002;0
0.038;3180;0;330059;3180
0.238;433360;169369;330070;263991
0.144;188094;61016;330085;127078
0.818;8713;7238;330108;1475
0.251;284117;151705;330129;132412
0.0;0;0;330163;0
0.0;0;0;330193;0
0.157;105006;20305;330213;84701
0.906;34686;22651;330231;12035
0.0;0;0;330257;0
0.131;128804;36023;330269;92781
0.0;0;0;330273;0
0.124;190324;54135;330286;136189
0.174;222001;77895;330287;144106
1.0;445;445;330328;0
0.278;44591;29092;330333;15499
1.0;4800;4800;330388;0
1.0;1727;1727;331132;0
0.0;0;0;331133;0
0.553;47255;25153;331348;22102
0.411;11358;10067;331450;1291
0.807;41655;38717;331925;2938
0.727;5676;3679;332129;1997
0.0;0;0;332149;0
0.0;0;0;332220;0
0.0;0;0;332236;0
0.0;0;0;332257;0
0.757;58024;29631;332297;28393
0.651;47566;27246;332303;20320
0.17;41626;24747;332389;16879
0.984;22054;21705;332414;349
0.244;40822;13036;332783;27786
0.055;83179;25703;332870;57476
0.218;82234;54843;333083;27391
0.0;0;0;333753;0
0.14;38883;16641;335523;22242
